127.8125 164.625 186.75 177.125 186.5 194.25 143.625 109.875 
155.1875 164.9375 113.0625 79.125 60.8125 56.1875 91.6875 143.0625 
159.0625 154.25 174.5 200.375 184.375 160.4375 150.9375 124.5 
94.75 92.75 136.0625 186.6875 189.75 167.8125 150.0 145.3125 
166.125 185.6875 188.125 164.4375 117.5625 115.0 162.8125 159.3125 
132.6875 152.0625 135.9375 111.75 138.75 160.25 150.6875 99.3125 
43.4375 41.3125 108.625 170.0 163.3125 155.3125 144.25 117.375 
98.1875 114.4375 158.8125 178.5 153.25 96.0625 76.125 76.8125 
108.75 133.625 157.25 166.5625 167.9375 149.1875 110.0625 100.375 
131.625 128.1875 81.25 74.0 99.6875 110.625 129.875 165.375 
165.9375 135.375 148.4375 162.75 128.125 103.6875 114.625 119.75 
86.1875 56.0 82.6875 129.4375 140.3125 142.25 136.75 107.125 
108.0 144.8125 158.4375 147.875 120.0 100.875 118.5 125.8125 
125.75 120.9375 107.5 105.5625 104.9375 127.8125 136.5625 96.0 
80.9375 98.3125 125.0625 141.375 133.4375 145.375 157.125 151.8125 
137.3125 113.1875 118.25 156.25 164.0 130.125 102.5625 73.4375 
157.9375 145.625 135.4375 148.0625 163.5 138.8125 113.9375 120.0625 
119.75 115.3125 112.5 121.5625 138.75 131.4375 137.125 171.0625 
164.125 121.125 130.4375 151.3125 120.3125 96.625 101.25 96.625 
68.8125 43.1875 65.5 108.6875 128.125 145.1875 148.75 120.6875 
97.25 116.3125 132.25 118.875 94.625 82.8125 104.875 114.4375 
117.0 109.375 87.6875 88.9375 99.4375 124.25 132.6875 108.375 
111.75 125.25 117.4375 117.625 119.25 117.5 133.875 168.8125 
180.625 142.0625 130.6875 165.625 170.0625 153.9375 119.0625 58.875 
172.1875 153.875 131.4375 118.625 141.8125 161.125 151.125 147.125 
143.4375 141.125 159.9375 179.0625 163.5625 123.625 116.0 126.8125 
108.75 76.25 97.8125 149.8125 144.4375 124.5 115.75 96.375 
75.3125 58.875 78.25 106.9375 127.5 164.375 177.25 153.75 
124.875 111.0625 114.1875 113.375 86.75 68.375 91.25 101.875 
100.625 113.75 103.8125 102.75 128.125 132.5 124.8125 106.0 
92.0625 113.4375 132.25 141.6875 150.875 148.625 153.5625 184.1875 
202.625 174.0 152.25 153.6875 155.875 160.5 119.8125 51.125 
132.375 120.8125 129.9375 119.625 117.4375 143.625 154.4375 149.5625 
148.0 133.5 125.9375 145.375 153.625 129.75 106.625 97.875 
92.625 85.125 109.75 150.25 125.9375 86.25 86.0625 98.5625 
98.625 93.9375 114.4375 118.875 111.3125 142.375 165.4375 153.0625 
145.1875 131.25 114.9375 129.3125 121.5 90.6875 97.375 114.375 
124.25 142.375 135.0 124.5 140.0 144.75 131.25 96.125 
83.5625 134.875 157.8125 135.5 153.375 183.625 187.9375 196.5625 
192.5625 153.25 112.8125 100.875 134.75 174.25 146.4375 86.8125 
139.25 111.5625 117.9375 126.0 120.8125 138.5 154.75 144.6875 
144.9375 134.5625 105.375 96.625 121.6875 139.3125 118.8125 120.625 
150.875 151.0 144.625 136.625 82.3125 46.875 69.25 90.75 
91.75 111.8125 148.5625 132.5625 93.0625 98.9375 138.6875 159.125 
155.0 152.8125 148.4375 148.6875 133.0 111.25 122.9375 143.75 
151.375 144.5625 120.375 113.9375 140.0625 160.75 149.6875 115.4375 
104.75 138.3125 140.6875 124.875 153.375 163.1875 158.9375 164.25 
147.8125 120.75 104.8125 102.5 124.9375 167.0 162.5625 115.9375 
181.5625 139.0 100.4375 87.75 109.875 154.0625 147.3125 113.75 
125.875 140.9375 122.5 89.0625 104.25 157.625 150.9375 134.9375 
164.875 166.875 147.1875 128.6875 81.75 74.375 116.125 122.125 
102.4375 112.3125 135.625 123.6875 95.4375 87.4375 130.0 177.0625 
172.125 164.9375 169.8125 143.25 107.9375 113.3125 130.375 127.25 
116.1875 114.4375 109.4375 116.4375 138.5625 143.375 155.375 160.1875 
140.9375 126.8125 117.25 142.9375 171.75 145.0625 126.0 114.3125 
97.3125 107.5625 128.625 143.25 143.1875 155.125 150.625 101.375 
207.375 152.0625 99.6875 78.625 105.5625 142.8125 112.4375 74.875 
72.75 89.4375 109.375 98.5625 116.25 178.25 183.6875 142.0625 
132.1875 148.6875 160.5 141.5 99.375 110.75 165.4375 175.6875 
147.0625 113.9375 91.8125 106.3125 127.9375 116.1875 136.4375 178.0625 
178.0625 174.1875 164.125 119.0 86.375 116.75 142.75 111.5625 
94.875 111.9375 115.75 127.3125 139.4375 130.75 152.375 181.625 
172.625 146.125 128.0625 137.125 149.875 151.75 145.6875 120.5 
110.625 129.625 142.625 154.3125 158.5 141.1875 116.25 87.8125 
185.0 160.9375 125.8125 113.25 136.375 146.8125 109.875 81.0 
69.4375 86.75 135.5 145.1875 138.625 169.125 176.3125 140.25 
124.1875 141.25 156.8125 133.3125 96.5 111.75 158.6875 173.0 
147.8125 106.875 85.9375 121.375 170.9375 161.25 147.4375 146.875 
134.9375 157.0625 158.0 116.125 84.625 98.6875 132.125 114.9375 
92.6875 93.0625 107.8125 149.25 163.0625 136.9375 139.6875 167.25 
167.0 157.8125 155.75 130.3125 107.6875 127.6875 141.5625 149.3125 
172.4375 169.5 147.125 133.0625 130.0 116.9375 100.3125 110.75 
116.1875 148.0625 141.25 131.375 167.5625 169.0625 123.5 106.8125 
113.8125 124.4375 150.9375 150.125 128.5 141.25 142.4375 126.3125 
145.875 162.9375 140.375 106.125 86.0 102.625 143.375 165.6875 
152.75 135.0625 150.625 175.9375 176.0625 156.4375 142.125 109.625 
87.25 123.0 136.5 125.3125 113.3125 92.6875 106.75 115.25 
90.8125 89.4375 131.5625 175.5625 165.375 120.875 120.875 140.25 
129.3125 131.5 148.9375 125.9375 94.375 108.75 130.625 160.5 
192.1875 165.375 124.625 121.25 127.875 122.75 118.875 147.0625 
103.1875 113.375 135.6875 143.25 161.75 145.0625 98.0625 108.4375 
133.8125 114.375 104.8125 104.6875 107.75 125.0625 127.9375 137.5 
156.375 163.1875 132.3125 85.9375 73.6875 105.3125 148.125 158.375 
145.125 139.375 168.9375 191.8125 164.8125 134.75 122.4375 93.5 
86.3125 117.875 122.625 125.4375 123.5625 103.0 121.5 132.1875 
114.6875 137.0625 166.125 155.4375 134.8125 128.3125 127.25 110.875 
86.1875 93.0625 115.0625 92.125 77.875 121.0 148.75 140.3125 
136.0 121.0 109.75 140.1875 150.875 115.5625 105.125 144.75 
158.9375 119.3125 135.625 150.0 126.75 84.75 63.375 108.1875 
132.0 91.8125 83.5 93.0 98.1875 109.5 119.125 143.0625 
128.4375 99.9375 96.625 89.75 90.0 113.125 122.875 95.25 
94.75 107.75 109.375 145.0 182.75 172.3125 138.5 107.8125 
101.125 120.5625 126.5625 120.0625 94.25 96.5625 142.9375 130.125 
100.1875 135.6875 154.5 124.0625 121.25 140.8125 133.9375 112.125 
96.3125 118.75 143.625 96.0625 59.3125 100.125 134.125 105.375 
68.0625 72.5 102.0 130.0 123.125 92.25 101.5 146.0 
140.8125 110.25 121.1875 139.5625 106.5625 61.75 70.5625 135.5 
145.5 102.4375 108.0625 101.25 78.4375 91.3125 121.25 140.1875 
95.0 47.875 76.25 126.25 132.375 114.1875 94.125 63.3125 
79.125 100.6875 66.125 82.9375 157.0625 190.9375 188.25 157.0 
130.0 129.9375 124.5625 110.5 88.75 112.8125 139.875 93.25 
55.1875 86.875 135.0 149.4375 148.3125 131.75 121.4375 129.5625 
130.0625 155.6875 182.0625 151.6875 108.375 114.875 132.0 96.8125 
51.4375 66.1875 102.3125 97.6875 85.5625 91.375 116.75 152.25 
103.0 89.75 109.125 131.6875 100.875 83.1875 112.0 157.5625 
154.3125 130.8125 142.75 116.3125 76.0 75.125 116.375 144.5 
96.125 64.625 120.125 187.625 171.4375 120.5 119.75 123.875 
114.25 97.3125 71.75 76.125 102.8125 140.0 183.4375 173.5 
146.0625 131.3125 111.3125 111.875 113.0625 123.6875 120.3125 85.0625 
64.0 88.6875 144.375 175.75 180.3125 157.5 122.75 115.4375 
135.625 157.0 169.375 187.1875 185.625 174.375 145.3125 88.125 
60.0625 92.5625 132.125 113.75 102.75 110.625 109.5 132.625 
150.0 118.625 101.75 110.1875 106.625 112.0625 119.3125 130.9375 
144.0 148.625 150.6875 139.25 125.9375 105.125 117.375 150.9375 
125.0625 101.5625 158.875 211.75 172.0 125.125 143.3125 157.5 
131.0 107.0 113.25 122.375 113.375 122.375 159.625 148.3125 
110.625 100.8125 103.375 121.4375 124.3125 109.125 98.125 99.125 
111.1875 133.0625 151.0625 158.5625 170.9375 164.0 128.0625 116.6875 
155.1875 175.25 166.8125 188.1875 195.9375 158.4375 114.625 92.625 
96.5 118.5625 143.1875 136.75 136.8125 131.3125 103.1875 121.9375 
187.375 141.0625 95.125 99.5625 133.875 134.0 106.875 103.875 
137.75 156.5 143.625 154.125 180.25 176.75 167.6875 176.8125 
144.75 96.25 135.0625 180.6875 139.6875 100.125 101.9375 94.5 
83.75 97.3125 121.375 141.625 149.5625 158.875 183.4375 165.5 
112.25 87.625 89.25 91.9375 108.1875 125.8125 95.5625 87.125 
135.6875 148.25 133.4375 154.125 163.4375 142.5625 141.8125 159.75 
170.5625 168.5625 157.5 154.5625 144.0625 111.0625 110.1875 142.4375 
151.8125 128.625 109.8125 100.125 109.9375 118.25 101.75 121.5 
184.9375 155.4375 132.0625 137.4375 158.1875 158.9375 142.9375 122.375 
129.5 137.8125 132.1875 162.75 191.4375 188.25 189.0625 191.0625 
153.125 107.875 125.6875 149.125 104.1875 72.0625 82.5625 76.5 
72.625 81.5 111.25 153.1875 160.0 165.375 184.3125 175.4375 
140.375 97.9375 69.8125 59.0 94.5 144.9375 121.9375 102.5 
142.875 143.125 117.625 156.5 181.3125 140.9375 130.5 148.875 
143.75 146.5625 151.0625 142.5 121.25 107.4375 139.375 173.3125 
164.875 133.8125 102.6875 61.75 54.5 83.375 104.3125 137.0 
173.0 175.375 169.4375 158.6875 150.125 156.5625 153.125 121.0 
120.4375 133.75 135.8125 163.0625 169.8125 145.5 153.0 173.8125 
177.75 174.375 161.4375 138.125 91.9375 73.3125 91.3125 102.5625 
117.6875 111.875 121.8125 156.6875 153.875 150.8125 155.6875 139.9375 
127.0 110.3125 93.5 102.25 133.625 152.375 140.0 124.6875 
139.1875 160.0 146.75 147.75 148.9375 98.9375 77.0 95.1875 
114.9375 142.875 156.75 173.9375 156.875 109.0 114.0625 143.4375 
157.375 160.125 131.8125 75.25 54.1875 81.75 123.6875 155.75 
169.375 170.3125 163.4375 142.8125 118.3125 122.3125 139.25 115.875 
116.875 160.1875 171.25 170.5 155.125 124.3125 124.0 140.25 
175.6875 197.0625 156.6875 127.3125 132.0 118.5 86.6875 87.5 
131.3125 133.5625 102.625 116.8125 149.6875 162.6875 151.9375 132.375 
133.9375 134.4375 128.125 151.5 184.3125 173.0625 138.9375 117.25 
123.375 164.25 174.75 134.75 95.0 66.875 64.5 91.5625 
127.125 143.75 135.375 161.375 161.4375 101.1875 93.75 140.5 
169.5625 155.6875 128.1875 121.4375 128.6875 141.9375 155.125 156.625 
148.0 138.9375 143.5 141.1875 104.125 102.5625 144.8125 128.5625 
111.625 161.6875 187.4375 178.3125 147.5 130.9375 144.4375 129.0625 
136.5625 162.0 124.3125 111.0 171.9375 178.625 123.875 106.25 
124.125 115.1875 86.625 101.4375 153.75 185.8125 168.125 146.0625 
156.4375 155.875 125.0625 117.3125 148.8125 154.3125 143.25 137.9375 
117.1875 125.5625 135.75 95.125 77.25 90.25 87.5 102.0 
131.8125 141.1875 127.375 134.8125 144.4375 122.6875 129.875 154.5625 
147.375 115.1875 117.5 156.0 166.125 158.0625 155.0 159.75 
101.5625 108.8125 134.375 137.9375 104.8125 109.3125 135.75 120.0625 
104.9375 131.1875 159.0 156.0625 117.875 117.5 144.375 121.0 
117.0 141.25 119.4375 110.0625 165.6875 184.375 149.375 140.4375 
139.1875 122.25 116.0625 118.9375 143.5625 181.625 169.5625 143.8125 
149.625 148.0 108.6875 72.375 85.25 101.4375 117.5 128.9375 
102.875 101.75 118.1875 93.3125 81.5625 90.5 85.25 89.1875 
87.4375 92.875 117.6875 142.4375 157.1875 153.25 148.1875 128.8125 
113.1875 117.125 135.9375 139.6875 107.5625 102.9375 138.0 175.3125 
105.3125 104.875 130.5625 124.3125 114.4375 144.6875 152.9375 138.8125 
125.75 117.3125 137.5625 139.0625 101.5 97.75 98.75 86.875 
121.75 151.875 144.3125 141.0625 151.5 154.5625 129.875 129.9375 
163.4375 169.375 140.3125 97.3125 99.9375 143.9375 143.4375 127.4375 
128.4375 118.875 106.0 97.8125 96.4375 89.75 99.3125 115.8125 
114.4375 130.5 158.25 149.375 106.5625 81.4375 90.5 100.3125 
77.875 71.5625 95.5625 120.0625 135.9375 127.0625 120.375 127.5 
138.8125 138.5625 137.0 125.4375 99.6875 109.9375 155.375 194.625 
111.9375 112.75 126.625 119.875 139.0 188.0 191.3125 176.125 
159.5 133.125 147.5 157.75 132.6875 125.8125 109.1875 105.375 
147.5625 171.5 171.5625 164.5625 152.8125 143.25 113.0 116.375 
175.125 196.875 141.625 68.3125 56.0 91.375 111.125 110.125 
105.0625 88.6875 92.5 122.3125 125.1875 103.1875 119.375 157.375 
169.5625 165.5 160.3125 158.6875 131.5 116.875 135.125 119.5625 
88.1875 92.375 84.625 68.125 85.5 99.3125 121.9375 154.4375 
142.125 112.625 125.4375 148.9375 145.625 136.625 145.75 166.3125 
92.875 136.3125 139.875 102.4375 116.375 162.6875 169.625 165.125 
145.625 103.75 113.375 149.125 151.6875 143.9375 140.8125 157.3125 
173.5625 180.1875 182.5 160.875 147.9375 136.5625 110.5625 125.3125 
174.9375 197.0 153.25 97.6875 83.375 79.8125 92.625 119.4375 
124.25 102.8125 95.125 113.3125 124.9375 124.5 146.875 183.9375 
194.8125 175.0 132.375 121.3125 144.875 160.625 148.0 92.1875 
69.4375 91.875 71.0625 46.1875 75.1875 126.875 169.5625 157.9375 
92.6875 82.75 144.375 169.0625 146.9375 119.3125 105.5 118.25 
117.75 175.3125 169.875 104.1875 86.5 116.0 135.4375 145.6875 
119.25 69.375 71.0 107.6875 140.625 150.4375 145.1875 146.75 
154.6875 180.0 192.0 163.375 131.8125 124.25 141.5625 154.5625 
150.4375 153.8125 148.375 141.25 139.375 113.3125 97.8125 137.6875 
159.5 128.8125 119.5625 122.6875 118.6875 122.3125 141.4375 163.3125 
161.375 151.9375 130.4375 123.1875 145.4375 145.3125 123.9375 98.8125 
102.25 118.125 101.5 91.4375 112.3125 151.8125 172.1875 135.5 
69.9375 83.75 169.5625 181.6875 145.125 130.625 113.5 111.8125 
145.6875 185.875 168.5 113.375 105.9375 150.4375 169.375 156.6875 
135.375 104.25 85.5 89.625 128.3125 152.1875 125.25 88.375 
101.6875 150.9375 170.6875 151.1875 113.25 117.375 164.1875 175.25 
138.375 109.625 126.375 155.4375 150.4375 119.9375 94.5 112.25 
128.125 111.9375 115.25 110.0625 89.625 87.0625 107.125 122.1875 
112.625 118.4375 142.375 154.0625 133.0625 106.375 116.5 132.5 
138.875 136.875 141.375 160.5 162.3125 146.1875 138.5625 138.1875 
105.5 97.3125 160.625 181.75 154.375 149.625 121.375 86.5 
141.5 171.0625 129.5 76.6875 94.75 167.125 184.1875 155.125 
164.1875 149.0625 95.75 83.75 117.875 132.125 109.125 77.1875 
82.1875 122.1875 154.4375 148.3125 110.375 108.0 145.8125 178.75 
170.25 135.3125 127.5 145.25 148.875 121.0625 94.375 87.0 
86.1875 98.75 108.5 96.25 75.5 83.9375 124.8125 134.625 
118.5 117.875 131.0625 136.875 117.0 113.375 118.8125 95.25 
88.25 97.5 125.9375 184.6875 199.875 157.5625 133.125 145.8125 
145.1875 126.125 143.125 163.875 149.0 137.25 107.9375 82.5 
120.75 151.3125 121.1875 72.1875 83.875 132.125 147.0625 151.3125 
177.0625 151.6875 93.75 96.5 134.125 148.9375 148.0 116.375 
94.6875 134.5 179.875 165.75 115.5625 95.875 124.9375 177.125 
196.6875 169.8125 120.8125 107.25 143.6875 143.9375 112.0625 93.9375 
99.8125 124.375 127.5 126.6875 108.1875 100.625 147.625 162.5625 
148.375 141.3125 129.25 110.8125 95.375 114.3125 107.625 62.25 
67.5 97.0625 127.625 180.4375 207.8125 177.3125 132.5 121.6875 
133.375 137.1875 144.875 139.25 116.5625 117.25 125.3125 152.8125 
87.625 115.125 117.3125 101.3125 111.625 123.4375 127.5 142.5 
149.125 118.3125 90.4375 106.125 133.25 162.0 173.875 122.75 
99.0625 153.8125 186.375 149.75 96.3125 88.8125 122.125 161.625 
181.5625 156.5625 103.375 92.3125 131.5 145.0625 118.8125 101.3125 
112.8125 133.0625 137.1875 136.8125 129.25 124.125 138.5625 148.375 
157.9375 158.25 140.8125 114.4375 86.4375 92.5 98.4375 96.875 
121.9375 135.5 139.125 153.125 174.0 162.375 119.375 105.25 
99.375 109.0 150.375 137.0625 88.0 97.625 138.125 172.6875 
90.3125 103.1875 108.8125 112.0 127.125 139.375 138.9375 119.8125 
105.375 87.4375 80.5625 101.875 117.375 142.0 147.5 112.4375 
119.6875 163.8125 165.875 126.0625 87.375 87.1875 124.0625 149.0 
142.3125 119.0 106.9375 113.625 128.1875 144.8125 147.75 138.25 
125.0625 119.375 126.875 135.75 155.125 164.875 141.875 141.5625 
168.875 151.0625 109.625 107.0 114.625 123.0625 132.1875 141.5625 
148.5 131.0625 110.9375 106.375 121.8125 127.6875 120.25 115.75 
95.1875 104.3125 159.8125 155.5625 85.3125 78.25 123.875 132.25 
114.125 118.8125 129.3125 119.9375 118.0 143.75 162.6875 138.625 
112.625 98.5625 91.9375 113.9375 125.75 121.625 129.5 133.375 
135.0625 144.75 144.3125 134.375 126.0625 115.3125 133.1875 152.1875 
116.25 100.5 128.8125 121.5 116.125 148.25 178.75 180.5 
155.5 144.625 138.25 138.4375 166.0 169.125 133.0625 131.8125 
170.9375 158.5 105.875 110.375 140.75 139.6875 133.8125 141.5 
144.875 126.4375 93.125 87.9375 111.1875 126.0 154.1875 165.25 
142.875 136.125 155.8125 162.375 116.3125 97.25 125.1875 124.8125 
95.25 110.625 119.1875 104.375 98.8125 131.5625 175.9375 161.875 
117.25 117.6875 122.375 116.3125 119.1875 127.0625 154.0 148.25 
113.75 120.125 150.1875 165.6875 170.9375 154.625 137.9375 136.25 
105.375 101.4375 124.8125 109.3125 104.5 120.3125 141.6875 157.4375 
155.5 168.125 164.625 143.5 140.1875 134.5 119.0 115.875 
145.25 158.6875 123.75 112.3125 119.875 91.6875 97.1875 146.1875 
158.6875 126.5625 83.8125 95.25 142.0625 164.9375 184.4375 189.875 
177.625 153.5 136.5 159.4375 169.5 145.75 126.375 124.8125 
76.875 93.5 98.75 102.6875 114.375 134.0 153.5625 143.9375 
113.6875 121.4375 132.375 106.0625 109.5625 155.125 175.0625 131.8125 
97.75 121.5625 151.5 161.25 163.625 154.4375 127.5625 114.1875 
119.125 123.75 115.1875 112.5625 121.5625 104.25 98.0 128.4375 
151.125 164.375 170.375 162.5625 134.8125 113.0625 124.6875 116.875 
112.8125 128.6875 111.125 96.6875 94.8125 71.8125 90.5 156.5625 
163.3125 111.0 82.125 101.3125 136.3125 161.0 169.5625 174.4375 
171.3125 143.375 128.6875 148.9375 168.3125 147.5625 112.375 109.9375 
110.3125 102.625 120.5625 137.0 131.9375 132.375 130.8125 132.75 
132.5625 130.125 120.75 88.625 97.25 147.1875 156.9375 122.4375 
107.5625 111.25 112.6875 120.75 126.0 136.875 123.75 105.6875 
120.5625 123.0625 112.4375 126.0 140.0 113.9375 103.125 141.5625 
169.1875 163.375 140.5625 132.9375 132.25 130.625 135.0625 105.1875 
98.375 130.9375 121.3125 99.125 102.75 94.8125 93.3125 128.125 
142.9375 121.4375 106.1875 96.125 105.8125 143.4375 165.375 177.9375 
172.8125 142.625 135.875 141.625 126.375 115.1875 121.25 118.0625 
132.9375 138.5625 153.75 141.5625 107.25 104.5 119.875 129.5625 
137.1875 143.25 129.8125 92.875 80.5625 111.875 142.375 136.0625 
114.0 99.3125 109.5625 112.0 97.6875 119.625 129.875 116.625 
112.3125 94.75 78.625 108.375 141.0 112.5 96.3125 128.5625 
147.5 134.75 102.0625 95.375 131.4375 166.25 156.0625 109.5 
106.4375 136.3125 129.0625 116.0 119.75 110.4375 104.9375 115.0 
125.6875 126.0 104.5625 85.375 113.625 161.9375 175.375 173.125 
176.0 160.1875 132.875 127.25 110.6875 97.4375 119.5 127.125 
101.3125 148.25 162.5 116.9375 73.375 67.9375 80.875 106.4375 
143.0625 149.125 130.9375 130.0625 117.6875 121.9375 157.3125 152.0 
125.6875 127.625 133.4375 105.25 89.75 119.625 145.5625 147.3125 
143.4375 117.5 78.875 96.8125 126.125 103.1875 89.0 103.0 
107.4375 108.75 106.3125 105.375 126.5 153.125 157.0625 142.625 
133.375 116.6875 108.375 123.5625 120.5 103.0 97.0 102.0 
97.625 82.875 76.625 96.875 143.375 163.4375 150.1875 140.1875 
144.9375 143.5625 126.125 132.5625 136.4375 101.0625 74.75 75.75 
110.375 145.6875 144.0625 93.1875 64.625 74.0 81.5 104.75 
143.4375 144.75 125.0 139.9375 151.4375 153.3125 162.3125 138.5625 
135.5 171.75 153.5625 106.875 120.3125 148.75 148.875 142.6875 
153.875 147.625 108.0625 102.875 108.0625 92.625 91.625 108.5625 
123.375 134.125 139.3125 130.8125 125.5 130.5625 131.5 136.75 
137.5 112.9375 112.3125 125.25 104.3125 82.8125 75.0 85.1875 
90.625 84.25 98.1875 130.9375 160.4375 157.375 134.125 111.9375 
94.5 104.9375 134.875 152.5 151.1875 102.125 47.1875 45.0 
157.6875 159.25 122.0625 87.375 89.8125 107.0 110.8125 121.0625 
135.8125 148.0 151.125 135.3125 138.625 160.75 148.5 100.9375 
97.4375 150.5625 169.0 145.1875 144.1875 155.4375 148.75 142.125 
149.0 148.5 123.75 109.3125 114.625 110.8125 105.5625 129.125 
148.875 134.4375 128.5 125.25 123.4375 135.5625 118.9375 99.375 
114.4375 130.25 136.6875 135.25 111.6875 87.6875 96.75 124.9375 
132.25 130.25 134.875 142.3125 164.6875 168.875 145.5625 115.1875 
77.5 86.3125 136.75 150.1875 145.4375 118.9375 83.0625 90.5 
140.4375 146.9375 109.4375 98.3125 113.25 110.75 93.625 101.8125 
122.9375 128.8125 153.375 156.1875 138.125 147.6875 132.125 94.0625 
77.3125 90.1875 139.625 163.1875 138.0625 127.625 145.875 158.25 
137.3125 119.25 129.25 135.75 147.5625 162.875 150.4375 143.3125 
137.9375 116.375 100.75 87.4375 108.75 142.75 122.1875 93.3125 
105.5 132.5625 138.3125 131.75 133.625 130.25 130.9375 151.8125 
156.25 139.25 133.625 132.5 155.8125 165.875 142.25 137.4375 
121.8125 107.0 123.5625 132.6875 139.0 145.3125 140.125 140.0 
108.1875 139.5625 122.75 108.5625 108.1875 100.5625 83.125 85.8125 
99.875 84.875 119.4375 167.375 146.625 131.0625 134.0625 142.0 
133.375 95.5 100.875 131.8125 133.3125 128.5 136.8125 139.375 
115.6875 99.375 129.25 166.8125 177.6875 168.4375 146.3125 123.0 
110.5625 129.3125 125.625 91.8125 105.875 126.25 109.5 101.0 
107.8125 118.5625 121.9375 110.5625 118.875 146.375 145.5625 137.3125 
147.0625 139.25 126.875 122.6875 136.375 145.625 137.625 150.75 
157.125 135.9375 105.9375 100.625 113.375 118.1875 140.0625 170.875 
95.25 144.375 149.6875 131.0625 104.1875 93.875 114.625 122.25 
99.1875 73.6875 105.5625 142.6875 134.8125 141.3125 165.5625 184.0 
179.0625 141.25 97.0625 105.5625 144.5 146.0 130.0 128.6875 
137.125 141.25 147.75 165.0625 167.0625 125.5625 97.875 97.6875 
98.875 125.75 130.8125 100.4375 86.0625 78.625 71.8125 82.875 
95.875 101.375 107.8125 115.4375 113.25 128.75 145.625 128.8125 
135.875 144.4375 122.8125 125.625 145.5625 147.25 156.375 158.6875 
131.25 115.8125 111.3125 109.875 105.3125 84.1875 97.6875 151.625 
89.6875 132.4375 163.75 164.5 130.5625 102.125 129.5625 155.5625 
130.0 104.75 116.125 121.6875 133.875 155.0 159.6875 169.375 
175.0 164.875 124.5 116.375 137.375 112.125 104.75 138.5 
158.6875 155.875 146.25 146.9375 143.5625 111.9375 94.375 103.0625 
108.4375 102.5 98.25 102.125 92.3125 78.1875 83.5625 97.875 
101.875 106.625 117.625 124.9375 113.3125 108.6875 122.5625 123.375 
133.1875 138.5625 130.5625 158.8125 185.9375 166.5 157.125 160.25 
132.5625 110.0 119.6875 132.0625 121.75 97.8125 102.125 135.9375 
89.3125 113.4375 162.125 187.875 167.875 118.5 101.75 137.75 
159.1875 146.625 132.4375 127.3125 149.5 152.375 123.8125 127.0 
146.4375 158.75 144.6875 124.5625 104.75 75.6875 94.4375 134.6875 
137.0 116.75 115.75 129.1875 117.125 102.125 102.0 109.5625 
114.3125 92.875 99.6875 133.5625 126.6875 120.75 136.25 131.25 
132.75 143.5 126.625 95.875 70.0 62.4375 81.625 113.75 
133.3125 128.0 124.625 152.3125 190.875 188.4375 154.375 142.125 
147.25 132.875 108.3125 111.75 117.8125 118.6875 143.0 163.6875 
75.375 110.625 149.0 170.25 160.75 111.3125 83.875 120.375 
161.875 159.125 140.5 133.9375 138.5 131.3125 116.5625 104.25 
109.875 144.4375 154.5 138.8125 99.4375 68.4375 92.0625 114.9375 
111.25 100.125 93.0625 95.9375 95.8125 94.875 99.9375 114.4375 
124.75 116.0 134.4375 155.1875 134.9375 144.125 160.875 138.0 
148.125 153.875 121.625 97.375 58.5 35.25 60.1875 90.75 
113.625 117.9375 104.4375 121.8125 172.375 197.5625 169.25 128.1875 
123.3125 123.875 95.1875 84.375 85.25 94.3125 116.0625 117.375 
78.0 118.75 140.0 133.25 126.625 104.5 92.3125 121.4375 
150.4375 128.0 108.5625 137.0 134.6875 104.125 110.5 108.0625 
105.8125 132.1875 145.1875 156.625 132.875 79.5625 72.4375 92.4375 
98.75 87.9375 81.9375 96.25 112.5 123.1875 135.4375 140.25 
146.5 151.625 145.625 134.0 120.0625 138.0625 157.875 147.9375 
145.8125 126.9375 107.875 120.5625 99.6875 73.5625 95.625 103.3125 
107.1875 115.3125 100.5625 127.25 172.875 167.5625 139.5 108.75 
104.125 120.5 96.875 72.8125 78.75 82.375 68.8125 56.3125 
118.8125 137.375 145.125 123.8125 136.1875 140.4375 101.5625 97.5 
119.1875 96.5 82.6875 133.75 142.4375 100.5 98.25 107.375 
114.8125 105.125 93.4375 130.875 154.0 109.8125 69.5625 76.4375 
85.0 76.9375 90.6875 112.125 110.25 123.625 142.0 134.75 
145.4375 158.0625 118.5625 78.875 91.75 135.25 158.75 152.1875 
134.75 112.8125 97.875 123.1875 150.8125 143.8125 142.0 128.8125 
125.125 137.125 112.4375 114.3125 136.3125 112.625 98.0 97.1875 
107.625 119.875 95.125 89.1875 121.3125 126.375 103.0 100.25 
171.0625 187.0 185.4375 148.4375 146.5625 146.4375 90.75 73.5625 
101.75 108.75 109.875 132.6875 132.9375 95.875 83.0 89.75 
100.1875 86.5 58.0 73.5625 115.375 117.125 89.0 86.625 
91.8125 98.5 109.25 90.5625 84.875 107.25 105.8125 108.0 
139.5 154.0 122.3125 85.375 89.4375 126.5 145.8125 133.875 
122.0 123.125 119.5625 136.9375 164.9375 155.5625 126.875 102.125 
119.4375 159.25 142.3125 108.375 100.75 103.25 112.0625 118.9375 
128.0625 97.9375 77.875 128.375 161.0625 147.3125 141.625 143.375 
174.625 205.8125 218.375 168.3125 120.0 115.9375 87.4375 80.375 
116.6875 133.875 140.5625 144.25 113.5 71.5625 68.3125 85.75 
108.875 103.0625 66.6875 49.625 75.0 121.125 136.0 132.6875 
120.5625 123.25 134.375 100.0625 93.125 102.0625 85.875 115.875 
151.4375 151.75 159.625 156.9375 117.1875 89.25 103.5 112.875 
110.3125 128.75 144.9375 146.1875 121.25 99.5625 100.375 95.5 
121.6875 157.4375 150.875 132.0625 122.75 136.1875 142.4375 136.375 
145.375 103.0 91.0625 158.0 163.25 130.75 135.75 140.6875 
120.625 167.625 190.5625 148.3125 112.4375 127.1875 116.75 95.1875 
110.5625 126.3125 134.5 145.125 115.5625 78.375 82.4375 110.25 
138.0 117.6875 84.8125 76.375 89.625 135.5625 157.8125 147.5625 
132.75 131.125 151.125 146.3125 118.5625 78.5625 69.25 132.9375 
166.375 158.75 186.9375 199.0625 142.625 83.0625 104.1875 134.125 
130.75 155.625 168.6875 141.8125 100.0625 97.375 123.5 131.5 
151.3125 145.9375 119.8125 124.5625 137.9375 156.375 157.9375 139.6875 
139.375 113.3125 107.0 143.6875 136.75 131.25 155.25 177.25 
82.1875 114.1875 134.0625 130.5625 131.375 126.375 120.9375 124.875 
120.4375 106.4375 104.25 129.4375 127.625 95.9375 96.375 127.25 
131.3125 92.875 75.5625 97.0625 129.8125 154.8125 151.625 139.0625 
139.125 136.125 136.0 142.3125 126.1875 90.6875 98.625 158.4375 
180.875 174.625 185.3125 177.8125 131.25 101.4375 134.9375 148.9375 
138.125 157.625 158.1875 137.5625 130.5625 148.125 159.25 152.625 
165.4375 155.375 123.125 125.125 156.625 181.0625 165.375 123.5 
102.5625 103.625 111.9375 110.4375 107.75 147.25 186.5625 195.8125 
105.4375 106.3125 119.1875 149.25 152.5 103.75 96.3125 148.1875 
155.875 113.625 98.25 111.625 95.3125 74.3125 92.25 127.4375 
122.75 82.4375 74.875 109.1875 156.25 178.0625 168.625 157.625 
160.4375 164.8125 135.0 110.625 134.125 148.5625 153.9375 165.125 
160.4375 156.6875 148.9375 126.9375 101.625 106.25 125.75 113.625 
110.9375 129.0 132.1875 134.625 137.4375 146.625 168.25 160.375 
145.5625 153.9375 152.375 159.625 191.0625 188.8125 144.9375 108.8125 
99.4375 123.0 142.1875 112.75 95.9375 145.875 189.5625 181.125 
154.6875 132.0 118.6875 147.375 170.125 140.9375 128.9375 153.4375 
149.375 126.625 113.125 100.4375 70.0625 67.8125 99.125 120.3125 
124.8125 104.8125 100.875 128.5 159.25 171.4375 156.4375 139.0625 
150.6875 169.8125 132.1875 92.5625 124.625 151.125 151.75 151.5 
144.1875 138.125 127.0625 121.5 123.75 123.0625 114.25 103.1875 
108.5 134.0 144.25 128.125 103.3125 101.875 149.25 153.125 
115.75 121.8125 129.0625 135.4375 156.1875 145.875 124.125 128.0625 
124.4375 118.0 140.0625 142.3125 116.1875 140.5 183.6875 181.6875 
189.5 147.75 115.5 136.5 189.4375 195.375 173.0625 152.875 
116.5 101.25 99.1875 96.125 88.75 86.75 94.3125 98.3125 
125.5625 140.5 127.5625 126.625 132.1875 141.875 140.9375 109.0625 
100.0625 126.4375 128.5625 106.3125 97.5 105.125 120.1875 131.0625 
132.5 125.5625 118.1875 144.5625 168.5 142.8125 127.625 125.3125 
100.6875 103.25 128.3125 127.875 100.9375 95.5625 135.875 137.0625 
112.1875 115.8125 102.0 85.9375 93.8125 117.875 140.5625 144.0625 
125.0625 90.8125 103.5625 153.75 148.0625 131.4375 142.25 136.4375 
170.6875 152.375 151.0625 178.3125 208.25 193.25 155.375 134.25 
112.9375 88.0625 91.5 123.5625 140.625 122.875 93.875 105.75 
151.875 171.1875 155.625 117.875 79.5 90.8125 138.9375 128.625 
85.1875 114.0 175.375 170.375 120.75 99.1875 100.0625 94.625 
88.625 96.5625 115.875 149.0 164.8125 135.25 110.875 106.3125 
86.5 66.625 90.5625 125.4375 124.125 118.125 134.6875 146.3125 
138.625 131.0 120.5625 96.9375 89.8125 135.25 164.125 139.875 
125.8125 116.5625 113.375 137.25 147.5 134.0625 114.5625 98.75 
126.0625 111.625 140.1875 193.3125 200.625 177.4375 142.4375 111.5 
120.625 124.375 136.625 176.6875 192.9375 171.8125 135.75 148.0625 
164.75 144.625 138.25 101.875 45.125 49.9375 116.125 136.125 
94.375 122.5625 193.3125 191.5625 155.125 130.4375 102.9375 86.625 
80.75 95.0 138.375 165.5625 151.125 118.375 76.125 69.1875 
93.9375 77.6875 83.5 126.4375 136.5 122.4375 118.1875 147.75 
165.4375 151.75 138.3125 107.0625 92.4375 146.1875 172.5625 128.5 
118.875 153.875 154.0625 110.75 104.6875 140.75 139.25 113.75 
130.0 89.5625 103.0625 153.5 180.1875 193.375 168.9375 117.375 
118.875 148.875 164.0625 171.0625 162.9375 154.875 147.0 157.6875 
150.875 109.375 108.875 100.5625 72.5 76.3125 106.5 115.125 
92.0625 118.0 167.8125 174.3125 163.0 142.625 120.8125 114.0 
108.9375 108.75 133.3125 172.5 157.75 110.3125 83.0 85.9375 
116.8125 103.5 98.5 131.6875 121.875 100.8125 109.1875 139.8125 
168.875 170.9375 135.875 87.4375 83.5625 132.9375 151.125 120.6875 
127.8125 172.5 173.0625 102.625 74.9375 133.0 153.5625 120.0 
122.0625 106.875 108.25 122.875 159.6875 178.75 158.75 132.0 
135.3125 151.1875 136.375 112.75 101.75 105.875 118.1875 149.4375 
151.875 115.0 118.375 129.375 128.5 132.4375 134.8125 132.9375 
123.8125 136.3125 163.625 169.5625 141.5625 102.5625 114.875 147.0625 
135.125 119.75 127.625 150.25 138.1875 114.875 127.125 135.5 
146.625 133.3125 121.5 132.625 101.875 84.1875 120.0625 144.4375 
155.8125 176.0625 150.1875 100.0625 88.0 102.8125 122.5625 127.875 
134.6875 165.75 185.25 134.0 93.9375 139.3125 156.25 121.0625 
97.8125 112.4375 108.0625 109.1875 127.5625 125.0625 119.1875 120.875 
139.0 159.4375 142.375 111.6875 110.0625 120.375 118.5625 140.0 
153.0625 137.875 132.375 126.3125 119.6875 130.75 154.875 162.9375 
156.9375 154.25 161.4375 156.125 112.875 70.375 89.0 147.0625 
163.0 145.0 138.9375 128.4375 101.5625 112.3125 153.1875 158.8125 
145.625 130.0625 121.9375 124.25 105.5625 100.375 125.625 131.8125 
137.9375 168.0625 171.9375 144.75 118.75 118.25 153.3125 152.375 
119.875 135.9375 168.0625 149.125 119.9375 135.0 137.125 113.6875 
135.3125 142.9375 131.875 130.4375 113.6875 112.25 143.0625 135.875 
134.375 164.6875 159.1875 131.5 135.625 150.125 129.8125 113.125 
141.625 162.6875 143.75 122.375 112.25 122.25 148.625 155.1875 
150.375 151.5 167.25 169.625 126.6875 79.5625 70.5 121.1875 
174.25 147.125 110.875 110.625 101.0 109.9375 144.3125 142.3125 
114.375 123.25 124.125 87.4375 74.25 97.5625 114.0 119.6875 
128.0 135.1875 159.125 169.5625 155.5 171.0625 199.125 173.9375 
120.3125 102.3125 107.0625 116.375 125.25 123.3125 110.3125 87.125 
150.5625 164.125 177.8125 169.4375 126.8125 121.1875 157.5625 152.0625 
142.3125 158.9375 143.375 124.125 132.4375 141.9375 133.5 119.1875 
154.9375 181.875 147.6875 136.3125 160.125 163.625 151.8125 151.875 
142.9375 134.3125 157.5625 164.6875 122.375 80.1875 66.75 96.8125 
133.625 107.625 86.625 105.125 109.5625 112.0625 131.0 122.5625 
103.125 132.0 131.625 69.5625 52.875 80.875 90.875 121.1875 
127.4375 84.0 106.5625 154.3125 149.875 154.3125 167.9375 161.375 
139.6875 114.5625 101.75 109.625 134.6875 141.875 122.875 90.8125 
104.4375 129.8125 159.4375 157.3125 140.75 130.875 123.875 126.0625 
131.0 144.5625 154.875 145.875 123.375 107.375 125.75 157.9375 
193.25 194.0 145.1875 135.75 176.5 180.75 156.375 153.625 
140.0625 123.5 129.1875 116.9375 85.875 84.9375 96.75 99.8125 
106.0 111.5 128.125 131.8125 109.0625 107.875 134.3125 133.3125 
111.9375 100.8125 100.375 95.5625 85.75 91.75 99.625 120.6875 
110.9375 57.625 70.1875 122.75 120.75 111.625 131.4375 153.5625 
167.25 168.6875 154.75 139.875 164.0625 185.9375 166.375 146.875 
90.5 105.4375 123.0 124.5625 139.1875 137.25 98.1875 90.875 
99.3125 116.0625 160.0 165.1875 130.5 112.75 125.9375 165.5625 
201.5625 182.1875 130.75 127.5 149.8125 147.5 139.375 134.5625 
133.5 134.375 120.8125 90.0625 71.4375 94.125 130.3125 140.375 
139.25 146.5625 151.125 142.9375 133.75 141.125 149.875 138.6875 
123.3125 92.1875 82.6875 114.5625 106.875 95.5 124.0625 123.375 
81.25 53.5 66.125 99.6875 113.1875 116.125 137.125 153.3125 
167.75 178.0625 161.25 152.625 188.6875 206.5625 180.0625 178.25 
85.75 107.0 115.1875 112.9375 128.5 120.3125 91.75 83.375 
71.0625 77.8125 127.625 158.5625 156.125 160.25 165.3125 166.375 
164.375 142.875 116.4375 118.0625 125.5625 116.375 110.4375 118.3125 
138.75 140.4375 114.8125 95.375 99.9375 119.0 140.75 154.0 
148.8125 128.8125 117.8125 135.625 171.3125 185.1875 156.125 131.375 
137.125 116.75 83.125 106.4375 130.6875 112.875 115.4375 112.5625 
68.625 51.5625 64.25 83.125 107.6875 121.8125 130.8125 130.5625 
134.75 138.1875 139.4375 166.8125 191.3125 171.625 137.875 134.8125 
65.375 103.3125 92.4375 103.5 133.0 106.9375 109.6875 117.8125 
74.375 60.125 95.5625 147.75 167.25 164.875 197.125 190.75 
119.375 98.0 127.0625 142.3125 147.5625 132.0625 114.9375 133.0625 
162.0 159.625 132.3125 123.9375 152.75 177.5625 159.6875 137.625 
133.1875 114.75 125.75 177.125 209.1875 198.0625 160.875 151.625 
149.25 105.0625 65.8125 104.5625 175.375 157.9375 92.875 66.0 
52.875 59.5625 75.8125 71.5625 76.5 114.5 143.9375 125.9375 
100.875 105.875 151.375 202.0625 178.75 118.0625 95.9375 77.6875 
