95936.0 105792.0 97984.0 106368.0 122944.0 96000.0 57664.0 65024.0 76288.0 87552.0 103104.0 113536.0 112000.0 91840.0 63168.0 43776.0 58816.0 88320.0 102144.0 129280.0 156288.0 140544.0 127104.0 139584.0 138240.0 121600.0 101504.0 77632.0 86208.0 123392.0 136448.0 139776.0 122368.0 87040.0 90624.0 98688.0 87296.0 89280.0 103680.0 103872.0 103808.0 102144.0 70464.0 61440.0 81728.0 103168.0 143616.0 170176.0 170176.0 138880.0 82624.0 80384.0 101568.0 102208.0 127872.0 134592.0 96640.0 88768.0 104896.0 93568.0 72064.0 84224.0 
129728.0 150528.0 140928.0 146432.0 167616.0 133824.0 73536.0 75136.0 97216.0 105984.0 126720.0 146752.0 141632.0 124416.0 107584.0 97344.0 110528.0 114432.0 107456.0 161216.0 202560.0 171008.0 152640.0 151360.0 145088.0 140480.0 113152.0 83392.0 91264.0 123264.0 139392.0 146240.0 145728.0 123456.0 99648.0 86208.0 87680.0 107200.0 148992.0 170240.0 153792.0 140736.0 127680.0 132992.0 155584.0 164608.0 177792.0 193600.0 206656.0 193408.0 142208.0 125760.0 137088.0 125376.0 146880.0 161792.0 131392.0 158784.0 194560.0 163328.0 116160.0 110656.0 
126016.0 184640.0 181632.0 161984.0 181504.0 172224.0 109056.0 92032.0 116032.0 125248.0 135872.0 135872.0 128832.0 126592.0 124032.0 112512.0 107712.0 115904.0 106048.0 142464.0 191936.0 185216.0 173632.0 143552.0 132672.0 143424.0 108288.0 74304.0 71360.0 104960.0 127296.0 112256.0 126720.0 142464.0 112960.0 92992.0 112256.0 133760.0 149504.0 146496.0 134400.0 138112.0 140672.0 155392.0 177024.0 168064.0 137856.0 129920.0 159488.0 191616.0 182528.0 152896.0 143872.0 121152.0 108928.0 131584.0 143552.0 182848.0 206464.0 158528.0 113920.0 109312.0 
90112.0 168832.0 179456.0 137152.0 145088.0 161024.0 122240.0 103232.0 112768.0 109376.0 98560.0 101248.0 129088.0 122496.0 100608.0 91456.0 94400.0 138048.0 142528.0 128576.0 147136.0 166336.0 180160.0 141696.0 123840.0 154816.0 136320.0 99968.0 90880.0 113984.0 128064.0 118528.0 140928.0 150528.0 120576.0 125888.0 167040.0 177472.0 148608.0 122880.0 113984.0 104896.0 106624.0 130816.0 155904.0 156928.0 140416.0 132992.0 139584.0 162688.0 166656.0 145856.0 138688.0 119040.0 99008.0 119104.0 141120.0 156032.0 168256.0 136320.0 91456.0 91136.0 
73472.0 126016.0 130496.0 89024.0 92544.0 120576.0 102784.0 80320.0 86208.0 100480.0 95872.0 105856.0 137280.0 128448.0 113344.0 102720.0 104896.0 151296.0 152576.0 112384.0 94080.0 111040.0 142208.0 128128.0 116928.0 138880.0 140416.0 122496.0 106944.0 107968.0 124480.0 144000.0 164928.0 146368.0 94848.0 101504.0 168448.0 201664.0 183744.0 155264.0 104320.0 65344.0 78144.0 109824.0 132224.0 132864.0 143936.0 165888.0 142144.0 118144.0 135360.0 145728.0 123392.0 102784.0 113344.0 115520.0 108864.0 130368.0 159424.0 144320.0 100224.0 102784.0 
98816.0 144704.0 131328.0 87040.0 86656.0 128448.0 132864.0 106368.0 107072.0 144128.0 165632.0 155584.0 146368.0 146496.0 140224.0 114752.0 116352.0 146624.0 147136.0 134208.0 106496.0 90432.0 123392.0 141056.0 128128.0 107456.0 109376.0 131712.0 118912.0 106560.0 120384.0 129280.0 145536.0 139328.0 85312.0 78656.0 149184.0 184640.0 180224.0 174464.0 112064.0 63040.0 84160.0 109632.0 113280.0 89920.0 104896.0 156288.0 137728.0 100480.0 120384.0 136384.0 115968.0 105920.0 116416.0 104064.0 102272.0 141376.0 175104.0 165440.0 128704.0 116096.0 
91584.0 156096.0 166464.0 119552.0 94144.0 144896.0 176256.0 144512.0 129472.0 168000.0 192320.0 161984.0 138240.0 134144.0 122368.0 128640.0 149888.0 138368.0 130112.0 168960.0 167552.0 132032.0 143360.0 144768.0 120064.0 106688.0 114368.0 136704.0 132992.0 116672.0 122432.0 126592.0 128832.0 131456.0 93504.0 84352.0 129984.0 127744.0 126784.0 175744.0 165888.0 123008.0 117888.0 114432.0 100864.0 67968.0 71680.0 125312.0 143680.0 137984.0 141504.0 143104.0 153024.0 166208.0 150912.0 118592.0 114752.0 130688.0 150272.0 154112.0 126528.0 99072.0 
87232.0 147968.0 186880.0 159872.0 122240.0 158400.0 177600.0 119232.0 98240.0 153920.0 186240.0 165184.0 133632.0 106176.0 118464.0 164608.0 177920.0 138304.0 110976.0 151296.0 183808.0 165184.0 144576.0 135424.0 127168.0 130944.0 139840.0 139584.0 128256.0 103232.0 120512.0 153984.0 132672.0 112448.0 97536.0 98496.0 121536.0 95808.0 98880.0 163072.0 186496.0 172352.0 140288.0 116736.0 118400.0 100544.0 81408.0 93312.0 137536.0 183872.0 184320.0 154496.0 153280.0 180032.0 173888.0 140736.0 116480.0 111232.0 128320.0 121984.0 91392.0 83200.0 
104832.0 147392.0 185344.0 178624.0 142976.0 154688.0 150592.0 88064.0 77760.0 139264.0 180544.0 181952.0 143040.0 110208.0 155904.0 191744.0 173824.0 151104.0 125952.0 134720.0 161984.0 140032.0 110080.0 134144.0 146624.0 135360.0 141824.0 159424.0 149696.0 97536.0 104064.0 153344.0 131136.0 111936.0 127488.0 134336.0 148032.0 123328.0 124288.0 164608.0 160320.0 149376.0 122304.0 104896.0 124224.0 121280.0 93312.0 82048.0 127424.0 185856.0 177216.0 126976.0 119552.0 140160.0 145856.0 162560.0 162880.0 148288.0 147328.0 122240.0 99968.0 103360.0 
91584.0 143744.0 166272.0 144192.0 124672.0 141888.0 133056.0 93952.0 99456.0 130240.0 152576.0 171008.0 144832.0 113472.0 154944.0 183168.0 162240.0 156800.0 144960.0 138816.0 144192.0 104448.0 77120.0 117504.0 135616.0 116096.0 111232.0 128384.0 137088.0 111744.0 105216.0 121088.0 99264.0 102464.0 134912.0 137984.0 149184.0 138240.0 153280.0 195968.0 170496.0 126016.0 104576.0 110144.0 124864.0 116032.0 87104.0 88768.0 140224.0 173952.0 162368.0 132608.0 126144.0 132608.0 147264.0 190400.0 205696.0 177664.0 141888.0 122496.0 137152.0 144768.0 
97600.0 155712.0 144192.0 106048.0 122496.0 163200.0 156160.0 129920.0 129792.0 115008.0 118144.0 149632.0 138048.0 109568.0 123264.0 161408.0 161536.0 140160.0 129984.0 134464.0 142592.0 115456.0 93760.0 126080.0 152896.0 123904.0 81920.0 67776.0 84288.0 112960.0 112384.0 94848.0 72192.0 80448.0 124160.0 145024.0 154624.0 133952.0 141056.0 200128.0 193344.0 134080.0 120128.0 156928.0 174720.0 149760.0 110528.0 118464.0 169216.0 174400.0 156160.0 147200.0 135872.0 138880.0 160064.0 181824.0 187200.0 156928.0 118400.0 136512.0 170176.0 175424.0 
123072.0 158208.0 125440.0 102400.0 125184.0 164288.0 165120.0 132160.0 128256.0 124416.0 117696.0 126592.0 115968.0 109760.0 129984.0 168384.0 160512.0 106048.0 97536.0 133376.0 150208.0 139968.0 131904.0 144512.0 175808.0 160384.0 100352.0 75392.0 81408.0 97600.0 100480.0 93440.0 92672.0 109504.0 148800.0 172608.0 181760.0 161344.0 138688.0 170688.0 188928.0 158784.0 148736.0 166336.0 176064.0 152576.0 113856.0 122880.0 166016.0 171712.0 153216.0 158208.0 158528.0 135872.0 119296.0 123392.0 134720.0 118144.0 108096.0 154304.0 191168.0 195904.0 
119168.0 151808.0 117952.0 107520.0 116480.0 132544.0 143040.0 105920.0 98816.0 134656.0 139520.0 123456.0 102400.0 95296.0 129664.0 167040.0 134400.0 78336.0 85312.0 123648.0 124544.0 110016.0 107008.0 114048.0 156864.0 161152.0 104448.0 94528.0 98432.0 88384.0 99520.0 97472.0 108992.0 149952.0 169216.0 171008.0 175296.0 171840.0 151104.0 149440.0 178240.0 180992.0 169408.0 145920.0 122048.0 107648.0 88192.0 92224.0 128000.0 175296.0 192256.0 185344.0 161280.0 119808.0 88640.0 88128.0 100288.0 92928.0 87936.0 105728.0 146624.0 187840.0 
119872.0 136896.0 85952.0 84864.0 113600.0 128192.0 137984.0 111680.0 92096.0 125568.0 166080.0 164544.0 131072.0 102464.0 113600.0 136128.0 114816.0 87040.0 91712.0 116992.0 126656.0 109248.0 79104.0 92032.0 150656.0 145344.0 102656.0 115904.0 125824.0 116736.0 131264.0 119040.0 112768.0 144000.0 161792.0 176320.0 161152.0 135040.0 142016.0 149120.0 147392.0 144320.0 152768.0 134208.0 106880.0 97920.0 88512.0 96448.0 118528.0 165440.0 203328.0 176896.0 134400.0 129088.0 125312.0 127168.0 136128.0 119424.0 92608.0 71488.0 99776.0 158464.0 
112896.0 97600.0 52224.0 71616.0 118784.0 151936.0 157888.0 126336.0 98880.0 125248.0 193472.0 210944.0 167360.0 141952.0 140992.0 131264.0 123136.0 116352.0 105856.0 117696.0 134784.0 134016.0 106368.0 110272.0 143232.0 126272.0 117696.0 140608.0 147200.0 153856.0 166528.0 154688.0 146048.0 153728.0 164672.0 179968.0 146304.0 116480.0 148736.0 164096.0 134080.0 119232.0 131712.0 116544.0 111168.0 128320.0 114368.0 112512.0 126272.0 142592.0 170688.0 157760.0 142144.0 155840.0 154752.0 158208.0 151744.0 122112.0 112640.0 102336.0 104512.0 136576.0 
76224.0 82048.0 81536.0 89344.0 97984.0 134208.0 158144.0 129984.0 109504.0 144128.0 204288.0 205120.0 165184.0 172288.0 181440.0 161728.0 152576.0 140992.0 122944.0 102656.0 87168.0 116416.0 146048.0 144320.0 135104.0 107840.0 93312.0 91712.0 106048.0 154880.0 184384.0 171648.0 158080.0 163392.0 180608.0 183104.0 138240.0 111616.0 137088.0 160896.0 157952.0 138048.0 126272.0 106112.0 106688.0 142208.0 134464.0 124992.0 140992.0 140096.0 139008.0 145024.0 167488.0 166272.0 141184.0 133056.0 114112.0 86784.0 102016.0 133824.0 136832.0 144256.0 
83072.0 121792.0 129280.0 105280.0 77632.0 102016.0 144704.0 139072.0 120832.0 136960.0 162688.0 154112.0 149888.0 188608.0 195200.0 182080.0 183552.0 157888.0 130560.0 98432.0 73408.0 109184.0 143744.0 142784.0 153280.0 144512.0 94528.0 52800.0 68096.0 125760.0 163648.0 166592.0 143168.0 132160.0 155328.0 159360.0 116928.0 90688.0 109568.0 130496.0 140288.0 126336.0 110976.0 115200.0 130560.0 137728.0 128128.0 141696.0 147712.0 128960.0 103552.0 98048.0 145472.0 172160.0 156800.0 142720.0 122816.0 96640.0 98688.0 137216.0 153344.0 151232.0 
124672.0 146176.0 141888.0 127680.0 99904.0 112704.0 155648.0 160960.0 114496.0 82432.0 93504.0 119936.0 151872.0 180160.0 173184.0 167040.0 182976.0 164672.0 143232.0 123904.0 109376.0 133440.0 124672.0 106880.0 148672.0 181504.0 145216.0 86912.0 72832.0 99648.0 138624.0 175616.0 173376.0 146816.0 130880.0 97728.0 68800.0 97664.0 137216.0 126400.0 120576.0 124224.0 114624.0 133056.0 165632.0 143168.0 119232.0 144000.0 133248.0 124800.0 111680.0 79424.0 122432.0 184768.0 199296.0 181568.0 134080.0 104576.0 108160.0 113536.0 115776.0 114496.0 
122048.0 125184.0 130816.0 133248.0 116224.0 121792.0 138688.0 144256.0 107136.0 79680.0 105280.0 134848.0 134656.0 116288.0 101120.0 115264.0 156800.0 174336.0 172864.0 149952.0 132480.0 162688.0 152384.0 111168.0 128256.0 175104.0 169664.0 120064.0 99072.0 120512.0 155456.0 174464.0 182656.0 182656.0 145792.0 89088.0 72960.0 115136.0 151232.0 135040.0 122624.0 136576.0 140800.0 133760.0 144384.0 139968.0 129088.0 138496.0 127104.0 142400.0 152448.0 137344.0 160896.0 180480.0 188736.0 170176.0 108480.0 100160.0 126080.0 112128.0 84608.0 64128.0 
115264.0 136384.0 133248.0 124416.0 120320.0 113280.0 102080.0 115520.0 116736.0 119488.0 150528.0 159552.0 118400.0 69312.0 63040.0 101184.0 144384.0 159680.0 162496.0 147968.0 144704.0 170112.0 163136.0 135680.0 135808.0 171968.0 179008.0 149760.0 141440.0 162624.0 180352.0 149312.0 142592.0 175616.0 157504.0 125760.0 128448.0 126656.0 123584.0 126592.0 126400.0 149824.0 164224.0 133952.0 109056.0 123264.0 148736.0 133632.0 114816.0 145152.0 162816.0 160064.0 166336.0 155648.0 148864.0 139456.0 116992.0 129152.0 153664.0 141568.0 90624.0 60736.0 
134080.0 159680.0 147840.0 141632.0 136320.0 122496.0 112896.0 124224.0 122944.0 110784.0 118464.0 145344.0 141952.0 98240.0 89216.0 125760.0 151040.0 138816.0 116480.0 115904.0 140928.0 153216.0 144896.0 148864.0 154112.0 172992.0 194368.0 194240.0 170560.0 152960.0 159168.0 146048.0 138240.0 141952.0 137536.0 149056.0 174208.0 159872.0 113536.0 103936.0 131328.0 173312.0 174976.0 143168.0 123648.0 129920.0 151424.0 116736.0 96192.0 136384.0 137344.0 115904.0 132736.0 149248.0 139456.0 145920.0 166592.0 174144.0 180096.0 159104.0 102400.0 94784.0 
118144.0 149504.0 159680.0 153728.0 138752.0 143296.0 145472.0 126976.0 99008.0 88576.0 106688.0 147392.0 162176.0 127104.0 115392.0 134720.0 139072.0 139840.0 121728.0 110912.0 132224.0 130496.0 135744.0 155264.0 152128.0 150528.0 166400.0 189248.0 158464.0 104512.0 99328.0 118208.0 136576.0 130048.0 135104.0 172288.0 198720.0 181824.0 131200.0 99904.0 102400.0 139584.0 152960.0 145920.0 148928.0 130304.0 109632.0 76096.0 83200.0 128512.0 117696.0 106688.0 131904.0 136128.0 132480.0 161664.0 191360.0 200256.0 191936.0 146368.0 97856.0 110848.0 
98304.0 163072.0 184704.0 157504.0 133312.0 141184.0 138176.0 128256.0 117376.0 122560.0 152832.0 163904.0 135104.0 105344.0 120000.0 123968.0 100288.0 117312.0 128448.0 124608.0 138304.0 124608.0 135424.0 163008.0 151936.0 124096.0 107200.0 137664.0 144832.0 120192.0 112640.0 105088.0 124928.0 145216.0 148928.0 166016.0 184384.0 166656.0 128576.0 101952.0 74304.0 88512.0 130816.0 163520.0 168640.0 114880.0 62848.0 58240.0 95808.0 131328.0 130880.0 129408.0 120640.0 105920.0 132672.0 163456.0 168256.0 175104.0 155392.0 108928.0 86528.0 105600.0 
113408.0 172032.0 185408.0 176256.0 169280.0 161152.0 124544.0 121600.0 146560.0 151808.0 148800.0 131328.0 98880.0 95488.0 133248.0 125760.0 96896.0 101440.0 98240.0 116672.0 150976.0 146944.0 149952.0 173248.0 172736.0 131840.0 91200.0 122176.0 170560.0 180928.0 157440.0 133760.0 149888.0 153280.0 128256.0 119488.0 147264.0 146624.0 109440.0 106368.0 99520.0 93440.0 124992.0 164160.0 183680.0 153152.0 105600.0 116224.0 141248.0 133824.0 134912.0 123392.0 89088.0 93632.0 147008.0 166336.0 148416.0 135808.0 101248.0 77376.0 82944.0 87168.0 
107264.0 138624.0 153472.0 161664.0 178432.0 192000.0 157056.0 120320.0 107136.0 113920.0 123840.0 109376.0 102080.0 131968.0 178048.0 168832.0 129664.0 107520.0 79488.0 98176.0 148416.0 148864.0 130880.0 143936.0 162496.0 132224.0 99968.0 136960.0 173632.0 160896.0 123904.0 116800.0 159872.0 167936.0 113472.0 78976.0 109056.0 124672.0 118336.0 146816.0 138752.0 102464.0 102208.0 122240.0 157248.0 175616.0 172032.0 186240.0 178880.0 141376.0 129152.0 103552.0 68416.0 92544.0 145344.0 158912.0 152256.0 140800.0 98112.0 65216.0 62208.0 64000.0 
94464.0 108672.0 115136.0 108800.0 124544.0 173888.0 170240.0 124160.0 89728.0 99520.0 120064.0 104064.0 105088.0 139648.0 162560.0 144000.0 108032.0 98112.0 90624.0 103616.0 133376.0 134720.0 127680.0 138368.0 154176.0 124736.0 110720.0 157120.0 165632.0 139520.0 129408.0 128512.0 160576.0 173120.0 107200.0 54528.0 73152.0 107840.0 133888.0 155904.0 141184.0 121344.0 116160.0 102400.0 114496.0 146304.0 177216.0 200256.0 198208.0 179456.0 155648.0 119296.0 86144.0 98304.0 132608.0 150336.0 160640.0 145792.0 98240.0 56704.0 61248.0 79040.0 
97664.0 92608.0 80128.0 82048.0 93248.0 125632.0 120576.0 98688.0 100224.0 104256.0 92544.0 75136.0 81152.0 93056.0 91968.0 87424.0 90496.0 107072.0 124928.0 144256.0 139904.0 132416.0 144384.0 155520.0 167232.0 152256.0 144512.0 164288.0 172288.0 184896.0 197440.0 174144.0 158912.0 147136.0 100736.0 73024.0 89216.0 133568.0 148224.0 126592.0 126464.0 139520.0 126784.0 89088.0 88064.0 136320.0 171008.0 179904.0 182464.0 179264.0 161920.0 140352.0 124480.0 113728.0 109760.0 121152.0 141248.0 121856.0 89984.0 84096.0 115648.0 129088.0 
88576.0 100736.0 84352.0 100288.0 112320.0 88576.0 65920.0 83840.0 100416.0 91200.0 90176.0 82176.0 61888.0 53696.0 81600.0 123968.0 135552.0 124480.0 125760.0 141824.0 120128.0 95808.0 101952.0 116480.0 157184.0 192192.0 177664.0 139648.0 144512.0 188352.0 206592.0 172608.0 145792.0 134144.0 115776.0 120448.0 129920.0 149248.0 138432.0 93440.0 95552.0 105600.0 87168.0 66368.0 73024.0 125760.0 163328.0 158592.0 134464.0 110016.0 113280.0 138432.0 145408.0 118208.0 89344.0 88384.0 105408.0 112832.0 124864.0 140288.0 159424.0 147776.0 
95296.0 127744.0 107904.0 119040.0 123072.0 83136.0 73408.0 113856.0 131968.0 126400.0 135616.0 121600.0 83648.0 69952.0 110848.0 156608.0 155200.0 129792.0 102976.0 97216.0 89152.0 82624.0 94912.0 110208.0 157184.0 202432.0 164800.0 100352.0 100800.0 141376.0 168448.0 154624.0 142400.0 132032.0 111744.0 115200.0 112704.0 115904.0 113856.0 88896.0 83648.0 87552.0 100800.0 109504.0 95616.0 108800.0 138432.0 140480.0 112960.0 78208.0 85312.0 130240.0 149760.0 123968.0 102272.0 103936.0 102336.0 110016.0 121856.0 125312.0 144704.0 139584.0 
113280.0 125824.0 99968.0 107648.0 106112.0 99200.0 126336.0 148160.0 143040.0 154304.0 151808.0 130432.0 129152.0 134144.0 153344.0 158208.0 140736.0 128640.0 104896.0 89152.0 90752.0 99136.0 121088.0 146880.0 181504.0 190592.0 135552.0 99200.0 112448.0 138304.0 151616.0 122112.0 107840.0 104512.0 74560.0 69760.0 82688.0 96512.0 119616.0 128448.0 113280.0 101824.0 134976.0 156928.0 122624.0 102208.0 103552.0 113728.0 132544.0 127552.0 120064.0 123840.0 137984.0 154240.0 157248.0 141056.0 103808.0 77248.0 76544.0 89472.0 115968.0 133248.0 
90240.0 90624.0 83072.0 107264.0 119680.0 116928.0 126528.0 126272.0 114624.0 128768.0 125696.0 128704.0 173312.0 193600.0 184768.0 169920.0 149248.0 127552.0 116928.0 113344.0 94208.0 84864.0 116800.0 156480.0 181056.0 178752.0 142656.0 133632.0 153984.0 166144.0 157824.0 118848.0 92608.0 85248.0 69824.0 77184.0 97600.0 103232.0 124416.0 150976.0 141696.0 119936.0 137088.0 153280.0 129280.0 120320.0 120640.0 129600.0 164352.0 178880.0 168128.0 145472.0 152192.0 179712.0 169280.0 138048.0 100160.0 59392.0 76864.0 126592.0 144704.0 151296.0 
43904.0 60224.0 92608.0 142272.0 156288.0 113344.0 87296.0 113088.0 128384.0 112640.0 91392.0 104000.0 166976.0 195392.0 162176.0 160384.0 176640.0 157312.0 137344.0 129024.0 98944.0 74944.0 114240.0 149760.0 149184.0 153600.0 131008.0 109824.0 137088.0 160512.0 150400.0 134400.0 112576.0 82752.0 87872.0 124096.0 128128.0 115008.0 133184.0 151040.0 143552.0 144448.0 153216.0 152320.0 144000.0 150464.0 163456.0 165312.0 170496.0 173312.0 178688.0 171648.0 164928.0 167808.0 142016.0 134976.0 132736.0 82496.0 93184.0 160704.0 184896.0 189056.0 
46464.0 75136.0 120064.0 179008.0 179904.0 106432.0 82304.0 142336.0 158336.0 123520.0 110720.0 103488.0 121088.0 139584.0 115904.0 136192.0 172160.0 169856.0 160896.0 135424.0 93760.0 69696.0 115456.0 160640.0 145664.0 130048.0 110464.0 96448.0 124800.0 152576.0 142080.0 126528.0 127424.0 104768.0 102080.0 153280.0 161728.0 138304.0 139264.0 136768.0 124608.0 136320.0 152960.0 142272.0 127040.0 131328.0 152256.0 162816.0 153408.0 152192.0 172288.0 156864.0 124544.0 136320.0 142272.0 155136.0 158272.0 106752.0 97984.0 131392.0 146112.0 174848.0 
98496.0 140544.0 158720.0 174208.0 152768.0 95360.0 84608.0 129216.0 137600.0 126912.0 146944.0 141824.0 107904.0 86272.0 72896.0 108416.0 145280.0 148032.0 162496.0 148096.0 106048.0 86720.0 127104.0 179008.0 153920.0 106432.0 119168.0 149120.0 141440.0 122304.0 125760.0 137536.0 145152.0 120064.0 111104.0 169856.0 189248.0 159168.0 134528.0 119360.0 112960.0 120896.0 146176.0 139648.0 107648.0 101504.0 137216.0 166848.0 153280.0 158656.0 175744.0 138560.0 101568.0 115648.0 129664.0 139072.0 138112.0 113344.0 108864.0 106880.0 102656.0 139712.0 
130176.0 189952.0 178944.0 142592.0 105472.0 93888.0 106688.0 117312.0 117440.0 112704.0 128064.0 137984.0 110080.0 88320.0 80960.0 104192.0 132096.0 135104.0 157376.0 166208.0 155072.0 143744.0 141120.0 158464.0 146880.0 108992.0 115712.0 146176.0 122688.0 70528.0 79168.0 129088.0 140096.0 99904.0 92544.0 147136.0 171904.0 162496.0 140544.0 122624.0 124544.0 133888.0 154496.0 160000.0 136256.0 110464.0 131136.0 164224.0 154496.0 149696.0 161856.0 151872.0 124672.0 119232.0 125632.0 121728.0 107456.0 87104.0 90560.0 103808.0 114560.0 141440.0 
110912.0 170624.0 158144.0 128384.0 120256.0 135552.0 144384.0 139392.0 125312.0 99776.0 105344.0 129408.0 128640.0 131456.0 138112.0 143488.0 139072.0 134976.0 161216.0 159616.0 156544.0 165760.0 145664.0 146112.0 159488.0 136768.0 109760.0 131456.0 131648.0 71616.0 60608.0 108608.0 126464.0 94784.0 80640.0 104448.0 141952.0 175040.0 161024.0 137344.0 131840.0 132864.0 158464.0 182848.0 160384.0 114112.0 116864.0 141568.0 131840.0 120000.0 144448.0 161024.0 136576.0 133952.0 133760.0 112704.0 92480.0 70592.0 74304.0 103680.0 137856.0 159552.0 
63168.0 106752.0 116032.0 120640.0 159040.0 178432.0 152512.0 136960.0 114560.0 91904.0 103424.0 130688.0 161792.0 174144.0 176960.0 188608.0 171264.0 140288.0 143744.0 136512.0 143040.0 157952.0 139008.0 156224.0 166016.0 128128.0 117824.0 159616.0 160704.0 97152.0 77504.0 99840.0 99584.0 89728.0 99072.0 114816.0 155520.0 202560.0 191680.0 145984.0 105472.0 98688.0 146560.0 188160.0 162496.0 116864.0 122560.0 145024.0 128256.0 121792.0 154048.0 160832.0 134784.0 135296.0 130240.0 112320.0 107520.0 106688.0 114496.0 120512.0 145920.0 173760.0 
56128.0 91648.0 110592.0 132544.0 166080.0 176000.0 149376.0 122944.0 109952.0 124928.0 132096.0 117056.0 138112.0 159360.0 164416.0 177216.0 171072.0 132928.0 105152.0 122112.0 171584.0 172032.0 124800.0 138176.0 149184.0 126144.0 133120.0 144704.0 131328.0 100608.0 90432.0 84608.0 62464.0 75520.0 118848.0 138880.0 158272.0 184128.0 169984.0 137024.0 104128.0 78784.0 108800.0 149120.0 142528.0 116672.0 125120.0 161280.0 151104.0 145472.0 175808.0 175040.0 136704.0 106496.0 100992.0 111040.0 131200.0 154240.0 166272.0 135872.0 128256.0 161664.0 
105536.0 141504.0 140672.0 147648.0 150656.0 137344.0 121856.0 119744.0 147520.0 183488.0 159552.0 92224.0 71936.0 95744.0 127872.0 148608.0 144256.0 121920.0 94784.0 111360.0 172800.0 174272.0 130304.0 134976.0 140544.0 127168.0 113920.0 88128.0 83008.0 91904.0 105280.0 113792.0 94848.0 97856.0 135360.0 148544.0 145664.0 149824.0 133248.0 126656.0 123264.0 103872.0 110656.0 120384.0 110272.0 104960.0 130304.0 155776.0 144832.0 159936.0 190400.0 169344.0 108928.0 65152.0 73280.0 114752.0 146624.0 164224.0 188480.0 157504.0 115008.0 127040.0 
127424.0 168640.0 159936.0 149568.0 147136.0 123456.0 99264.0 123968.0 171584.0 178944.0 133824.0 86784.0 70144.0 86208.0 131648.0 169728.0 157056.0 130496.0 111744.0 100416.0 137792.0 171264.0 174912.0 166976.0 129152.0 90624.0 72128.0 64704.0 66240.0 77184.0 105728.0 147520.0 155968.0 143616.0 161728.0 167296.0 154112.0 151552.0 130240.0 108928.0 102592.0 116544.0 140288.0 130752.0 98496.0 93312.0 126336.0 139776.0 130816.0 151360.0 176512.0 153920.0 101632.0 71872.0 92544.0 139648.0 150656.0 146624.0 177984.0 162944.0 110784.0 106048.0 
103808.0 157824.0 163584.0 143744.0 136512.0 130240.0 117696.0 125952.0 144960.0 141120.0 130240.0 132928.0 119744.0 109504.0 129280.0 156608.0 141632.0 117760.0 110464.0 76160.0 96000.0 173696.0 207360.0 174208.0 119808.0 97216.0 99968.0 102784.0 81984.0 67328.0 88448.0 133632.0 168000.0 176384.0 191744.0 179136.0 151104.0 148544.0 118784.0 85376.0 82176.0 97088.0 120064.0 120896.0 106496.0 91520.0 104512.0 144832.0 150080.0 142784.0 173376.0 184448.0 158080.0 126208.0 116800.0 133568.0 136320.0 137344.0 149888.0 136896.0 100992.0 106496.0 
78336.0 133632.0 146688.0 118656.0 113856.0 126784.0 122176.0 117440.0 123584.0 139520.0 165184.0 168384.0 134144.0 105216.0 97344.0 102656.0 103424.0 118528.0 125376.0 73152.0 81216.0 169216.0 192832.0 143232.0 104768.0 113984.0 130816.0 132160.0 113920.0 90048.0 94400.0 130240.0 170816.0 185280.0 191168.0 173824.0 147456.0 145664.0 118400.0 93760.0 97088.0 94272.0 94464.0 116736.0 154624.0 139392.0 110208.0 145664.0 161088.0 156224.0 191552.0 204224.0 188096.0 163008.0 138880.0 136192.0 137088.0 135616.0 131584.0 118976.0 92096.0 106496.0 
77696.0 114944.0 124416.0 108736.0 112832.0 126272.0 114496.0 110592.0 123840.0 138368.0 150848.0 142272.0 114176.0 94144.0 91904.0 95424.0 109440.0 143488.0 151616.0 119616.0 126144.0 176640.0 187264.0 140736.0 83584.0 75392.0 105216.0 131392.0 148096.0 137856.0 118592.0 142464.0 172352.0 156480.0 149120.0 153984.0 155008.0 146944.0 113600.0 109184.0 113408.0 99328.0 110848.0 145728.0 187648.0 176832.0 114624.0 114432.0 146368.0 161152.0 182592.0 176128.0 161600.0 155264.0 153920.0 168384.0 160704.0 140288.0 133824.0 113088.0 82048.0 96384.0 
99264.0 118016.0 103296.0 97280.0 104960.0 112512.0 108096.0 111296.0 127232.0 129216.0 117824.0 116608.0 113472.0 88064.0 84928.0 106432.0 122816.0 130944.0 124224.0 127936.0 140032.0 155520.0 180672.0 164800.0 100864.0 82240.0 120000.0 139328.0 152960.0 151232.0 115456.0 133760.0 167168.0 132224.0 117440.0 143616.0 150720.0 131392.0 105728.0 103296.0 99520.0 100800.0 140544.0 161280.0 166144.0 163264.0 113856.0 108224.0 155392.0 171648.0 161856.0 141248.0 143168.0 155264.0 158336.0 176192.0 165632.0 148608.0 147456.0 110720.0 81472.0 107136.0 
100096.0 122624.0 94976.0 85120.0 96768.0 107456.0 103936.0 100736.0 116032.0 122048.0 101440.0 108672.0 143040.0 123072.0 101568.0 119744.0 134080.0 126272.0 96448.0 93568.0 99136.0 101120.0 138944.0 161344.0 140352.0 138688.0 165952.0 158208.0 145216.0 144960.0 116544.0 121856.0 145792.0 116352.0 110656.0 155008.0 142720.0 109056.0 126656.0 123008.0 95808.0 114240.0 158656.0 169792.0 157504.0 141376.0 125760.0 138688.0 173632.0 181952.0 140416.0 115328.0 150976.0 179968.0 177344.0 157440.0 126400.0 135104.0 152064.0 126656.0 118080.0 143488.0 
90304.0 128128.0 114752.0 94400.0 96896.0 126528.0 129728.0 96832.0 105344.0 134656.0 121984.0 126784.0 168384.0 174080.0 166656.0 156032.0 129664.0 118528.0 116800.0 120832.0 104320.0 81600.0 102976.0 137600.0 148096.0 146304.0 156928.0 168320.0 165888.0 156544.0 148224.0 132544.0 110208.0 101504.0 110912.0 149056.0 148352.0 104384.0 123520.0 147136.0 114304.0 109632.0 140288.0 165696.0 171904.0 150720.0 153536.0 166400.0 161344.0 152192.0 113600.0 96448.0 128384.0 152576.0 168320.0 140352.0 90432.0 112320.0 142528.0 144320.0 157056.0 154560.0 
103040.0 150080.0 140608.0 99520.0 90880.0 132096.0 153728.0 119296.0 120448.0 169600.0 191040.0 194880.0 186944.0 168576.0 174976.0 165120.0 118272.0 117632.0 159808.0 164480.0 134336.0 109376.0 103232.0 119552.0 133184.0 126912.0 122752.0 143168.0 152640.0 142336.0 163392.0 161344.0 137088.0 147392.0 125888.0 115008.0 138496.0 105984.0 88640.0 121280.0 119552.0 99392.0 97408.0 138304.0 192960.0 188352.0 162880.0 156416.0 151808.0 142144.0 123520.0 110784.0 113280.0 114496.0 127744.0 128960.0 104576.0 121984.0 137408.0 135808.0 160576.0 165952.0 
121792.0 141120.0 124864.0 109056.0 117952.0 139520.0 150848.0 133376.0 123072.0 160960.0 197888.0 213056.0 190912.0 132800.0 114880.0 126848.0 124352.0 149376.0 177152.0 155072.0 138944.0 151616.0 137024.0 114496.0 115968.0 118336.0 121472.0 130368.0 130048.0 142016.0 181952.0 201344.0 201600.0 198336.0 141248.0 98048.0 119936.0 108544.0 92800.0 109824.0 127424.0 137728.0 125056.0 147648.0 199040.0 190784.0 134912.0 118336.0 141760.0 145856.0 143168.0 147776.0 140224.0 123392.0 115840.0 126528.0 139328.0 142592.0 123712.0 119872.0 163392.0 181824.0 
105152.0 103168.0 96384.0 110144.0 124864.0 132288.0 142784.0 138176.0 113280.0 129664.0 158144.0 173248.0 168640.0 117248.0 87616.0 103616.0 128768.0 160768.0 167168.0 145856.0 132544.0 156800.0 155072.0 102848.0 96128.0 117952.0 131392.0 142848.0 151104.0 166784.0 180864.0 191552.0 187712.0 173120.0 145984.0 115584.0 113024.0 107136.0 112192.0 128192.0 143360.0 164224.0 159488.0 154432.0 168832.0 169408.0 136128.0 115904.0 115712.0 111488.0 135104.0 159936.0 142016.0 130304.0 135040.0 139584.0 163520.0 157568.0 114368.0 122880.0 164096.0 157312.0 
78144.0 108864.0 110592.0 97088.0 99648.0 123840.0 163136.0 158336.0 117440.0 137792.0 161344.0 153600.0 152832.0 130560.0 112320.0 111488.0 118016.0 143424.0 152832.0 152192.0 136704.0 141504.0 148416.0 105216.0 116800.0 155520.0 138624.0 127936.0 151360.0 155008.0 143360.0 151488.0 147968.0 144256.0 150336.0 123392.0 99456.0 106560.0 107776.0 113920.0 148352.0 161024.0 128320.0 111296.0 132736.0 146560.0 129088.0 121792.0 126400.0 125376.0 139840.0 144960.0 127168.0 137024.0 155328.0 144256.0 155072.0 156096.0 123008.0 137600.0 150208.0 122624.0 
93120.0 142720.0 129024.0 99968.0 117568.0 147584.0 178368.0 167232.0 139136.0 162880.0 156288.0 129152.0 132416.0 123392.0 120256.0 114944.0 103680.0 118272.0 131072.0 145856.0 148416.0 152960.0 153472.0 120000.0 132160.0 166784.0 146368.0 120384.0 126784.0 128640.0 130624.0 141056.0 144000.0 154752.0 146496.0 104512.0 93312.0 125056.0 128832.0 118784.0 154496.0 167360.0 114816.0 99584.0 132160.0 122688.0 93760.0 117696.0 165504.0 173952.0 158208.0 144448.0 130368.0 123136.0 134400.0 144064.0 146496.0 144192.0 136832.0 148928.0 135936.0 98880.0 
121664.0 147968.0 120960.0 102848.0 127808.0 148416.0 139392.0 126272.0 140672.0 164736.0 148608.0 121536.0 103040.0 93184.0 97728.0 99776.0 98176.0 95744.0 109888.0 148672.0 162240.0 148736.0 131008.0 113536.0 113024.0 137856.0 165312.0 155328.0 135616.0 128320.0 118464.0 115584.0 139008.0 174592.0 169280.0 137664.0 120640.0 129984.0 154368.0 154560.0 157504.0 157312.0 118784.0 113600.0 143296.0 129728.0 99392.0 129472.0 177472.0 179072.0 181312.0 181248.0 153408.0 117120.0 109696.0 141248.0 149312.0 136064.0 145920.0 159808.0 139648.0 106752.0 
123328.0 130560.0 119680.0 121088.0 136384.0 146944.0 111040.0 96640.0 126336.0 142272.0 147392.0 130432.0 93760.0 103296.0 117312.0 115328.0 125376.0 108160.0 114432.0 169472.0 179456.0 142784.0 120832.0 116608.0 109184.0 124032.0 151488.0 158912.0 162688.0 135168.0 87168.0 89664.0 145472.0 188288.0 187264.0 164288.0 142528.0 146496.0 167552.0 161152.0 142848.0 137280.0 122816.0 121216.0 145344.0 145280.0 108544.0 114880.0 147008.0 150848.0 175488.0 176704.0 147264.0 138432.0 122048.0 114944.0 124736.0 131776.0 141440.0 141952.0 137088.0 138432.0 
81600.0 100032.0 136192.0 168256.0 170624.0 156672.0 134080.0 147904.0 164672.0 133184.0 107392.0 100224.0 101824.0 136192.0 154112.0 153472.0 162368.0 140544.0 128832.0 162624.0 174720.0 161984.0 150400.0 121088.0 100608.0 113216.0 110656.0 128384.0 163712.0 122496.0 76800.0 100544.0 151296.0 178112.0 163648.0 121728.0 118592.0 171456.0 180480.0 152256.0 142720.0 132416.0 129792.0 141184.0 144064.0 129600.0 98432.0 101568.0 118592.0 112384.0 128832.0 120832.0 100672.0 122112.0 115136.0 95936.0 132288.0 163968.0 143872.0 104832.0 113024.0 161152.0 
40832.0 69440.0 125120.0 177920.0 181504.0 146560.0 130304.0 162368.0 189760.0 159488.0 109248.0 97472.0 122304.0 138240.0 130432.0 129536.0 128000.0 116096.0 118784.0 138176.0 156800.0 168512.0 153984.0 112832.0 104320.0 120192.0 112000.0 139520.0 178240.0 140160.0 106624.0 122304.0 149440.0 168128.0 143552.0 94592.0 99136.0 155968.0 161408.0 147072.0 163264.0 149568.0 141312.0 155456.0 141376.0 119168.0 101696.0 114432.0 124544.0 96448.0 102720.0 108224.0 91328.0 101504.0 95680.0 89728.0 135808.0 170368.0 146944.0 85632.0 82816.0 155904.0 
66304.0 78976.0 94208.0 142912.0 162496.0 129216.0 101632.0 117888.0 146176.0 153344.0 149568.0 152192.0 155904.0 140224.0 112256.0 90176.0 81408.0 97088.0 121088.0 130496.0 148928.0 168768.0 151680.0 129856.0 130560.0 117952.0 103424.0 139648.0 178816.0 158848.0 119296.0 100352.0 118272.0 148160.0 129280.0 88576.0 91712.0 119680.0 125376.0 138432.0 169344.0 160000.0 137344.0 149568.0 165632.0 154752.0 121920.0 119680.0 122688.0 100288.0 116032.0 141504.0 124992.0 113216.0 111552.0 100992.0 117824.0 156544.0 149312.0 87104.0 80192.0 139520.0 
125440.0 120256.0 98752.0 134912.0 146944.0 122048.0 105024.0 100160.0 98304.0 108416.0 146816.0 174144.0 165184.0 162496.0 157312.0 117504.0 101440.0 117952.0 113536.0 116544.0 140864.0 136704.0 129280.0 148160.0 132800.0 88512.0 74496.0 113792.0 158848.0 161152.0 128128.0 93120.0 90688.0 113472.0 125312.0 104512.0 89920.0 96704.0 109376.0 118720.0 143424.0 161856.0 129600.0 122304.0 167424.0 183744.0 164928.0 146560.0 118528.0 121664.0 158464.0 169792.0 139200.0 117120.0 138304.0 139072.0 135552.0 161728.0 135424.0 79552.0 99776.0 144576.0 
123328.0 139648.0 144064.0 172736.0 161088.0 132544.0 109504.0 87616.0 84864.0 110656.0 153600.0 152768.0 116224.0 140544.0 186112.0 167936.0 134336.0 113344.0 91776.0 106304.0 129856.0 105920.0 102976.0 132544.0 122176.0 101120.0 105792.0 147264.0 182784.0 179072.0 154368.0 129984.0 110720.0 103168.0 123840.0 120384.0 100352.0 92032.0 111424.0 134016.0 150592.0 173312.0 129984.0 85120.0 126144.0 181120.0 196096.0 176448.0 133888.0 137920.0 171136.0 160192.0 132160.0 117120.0 144064.0 158272.0 141312.0 143296.0 105280.0 67456.0 107072.0 154560.0 
87552.0 127872.0 181056.0 201344.0 167936.0 154560.0 134848.0 104960.0 104192.0 136000.0 180160.0 167168.0 106304.0 112448.0 158208.0 159296.0 145344.0 122368.0 111040.0 128832.0 135424.0 132352.0 124480.0 105408.0 120512.0 163776.0 174464.0 181696.0 187456.0 170304.0 146496.0 120960.0 106432.0 120832.0 136640.0 112896.0 110016.0 111040.0 113344.0 152384.0 181376.0 184448.0 132416.0 77696.0 105024.0 167744.0 191808.0 178496.0 135616.0 114816.0 136384.0 146560.0 161536.0 162432.0 158208.0 155904.0 143232.0 148096.0 119168.0 90880.0 113728.0 144320.0 
96576.0 114304.0 158784.0 182848.0 154112.0 163136.0 166784.0 148544.0 136832.0 130240.0 160448.0 185984.0 150912.0 129728.0 133952.0 129088.0 155776.0 156992.0 137984.0 156736.0 166400.0 175040.0 168384.0 117312.0 113152.0 173632.0 188992.0 155136.0 141056.0 141440.0 136384.0 121664.0 123136.0 157056.0 144064.0 96384.0 118208.0 139392.0 119744.0 124736.0 146496.0 155136.0 135296.0 106624.0 98688.0 121536.0 163008.0 174208.0 130112.0 102336.0 126208.0 161408.0 185536.0 177472.0 146752.0 135936.0 161984.0 183744.0 155648.0 119040.0 114304.0 123392.0 
84224.0 80576.0 101696.0 151936.0 141504.0 125248.0 134336.0 143808.0 137728.0 115008.0 136640.0 183424.0 171712.0 137792.0 114368.0 115520.0 154752.0 158912.0 138752.0 146560.0 170624.0 188096.0 178432.0 139584.0 102464.0 129984.0 160960.0 123008.0 110208.0 137664.0 152704.0 160512.0 173248.0 186240.0 154560.0 113792.0 120128.0 128768.0 110784.0 94464.0 102656.0 104384.0 113408.0 140800.0 119872.0 85696.0 113024.0 153536.0 150976.0 131008.0 133760.0 159296.0 163456.0 135488.0 96192.0 103104.0 164736.0 189504.0 169280.0 147008.0 133952.0 119616.0 
70272.0 85312.0 105920.0 155840.0 146304.0 106176.0 108928.0 110912.0 90368.0 89024.0 138752.0 196672.0 182144.0 113920.0 69568.0 91264.0 136320.0 134016.0 119360.0 128576.0 157568.0 172288.0 150336.0 123136.0 95424.0 117888.0 159616.0 137600.0 126592.0 144512.0 155776.0 167744.0 171584.0 169920.0 173312.0 164544.0 122560.0 92672.0 85376.0 78080.0 100224.0 123200.0 135616.0 163392.0 144448.0 103104.0 108672.0 142016.0 167424.0 160000.0 156160.0 160960.0 147008.0 119424.0 83520.0 97280.0 149120.0 171328.0 170176.0 160896.0 150144.0 128704.0 
