52
4
3
144
117
126
92
230
244
103
189
204
91
184
5
243
148
231
44
39
54
212
172
155
165
11
225
112
192
141
73
124
207
255
197
253
238
105
134
80
86
235
40
79
199
42
163
127
62
224
246
127
50
1
192
119
240
143
246
109
122
6
153
184
76
244
86
215
193
68
227
5
90
204
139
55
129
90
157
242
29
231
158
19
86
133
214
98
219
160
71
239
220
249
224
161
60
240
240
182
7
194
81
181
68
83
67
245
30
2
172
131
252
150
197
249
46
26
186
247
113
179
200
84
59
79
243
4
85
203
129
123
35
203
0
250
32
155
215
222
55
149
11
59
140
135
119
100
24
250
84
68
125
85
212
113
43
111
193
148
25
214
158
151
248
197
209
62
245
168
211
195
14
223
107
1
115
0
82
85
67
170
23
178
125
113
70
200
228
242
154
102
130
17
219
85
189
159
233
234
21
28
204
26
42
171
175
231
122
181
180
199
198
176
46
112
14
226
146
239
120
178
129
95
245
126
24
75
118
233
218
46
66
44
224
186
24
155
123
120
56
136
251
129
228
163
55
21
85
121
92
17
122
49
116
67
45
198
9
209
130
189
5
6
104
144
238
81
99
11
43
142
42
92
120
199
15
105
164
55
111
113
81
40
185
87
182
37
222
191
148
182
159
187
154
64
6
119
33
46
68
214
1
171
44
213
144
130
162
172
122
70
215
162
41
179
74
99
164
58
183
42
169
123
22
207
51
101
32
98
111
92
66
137
234
130
66
222
176
41
23
191
192
201
141
173
163
96
130
1
105
119
158
152
213
33
81
174
185
227
95
30
4
215
86
1
255
17
131
91
185
68
203
98
80
224
130
141
160
92
84
1
134
187
178
252
39
48
120
64
137
109
102
47
18
45
181
102
236
253
147
8
105
96
128
132
9
202
12
220
143
15
144
10
30
186
128
53
132
48
7
133
184
44
132
10
100
109
37
218
166
34
254
45
152
226
143
133
189
241
200
241
39
131
165
77
65
3
178
35
33
95
103
15
152
149
163
222
35
254
123
10
111
63
54
191
246
51
195
251
217
123
58
95
247
249
92
233
226
16
198
51
240
46
98
139
8
106
88
232
161
70
76
20
79
201
219
50
195
27
43
133
1
142
146
173
239
26
249
227
224
222
92
153
37
220
25
239
231
237
205
62
239
156
67
24
71
80
205
148
193
231
187
48
135
226
89
210
69
190
92
45
90
65
21
34
70
111
168
151
125
87
141
17
248
233
145
228
103
146
49
168
126
177
30
2
183
207
213
215
235
149
9
252
52
211
213
85
196
155
20
114
31
172
67
36
207
230
131
125
113
211
2
40
28
198
101
238
15
2
42
11
145
38
47
51
245
17
36
6
140
73
46
66
253
107
211
61
123
156
240
179
206
252
78
229
81
39
238
175
174
227
6
97
185
200
166
17
23
162
247
243
122
190
11
3
174
31
227
248
220
190
84
17
208
191
154
65
122
239
35
209
122
195
160
7
135
123
172
3
67
59
114
44
52
148
175
93
139
51
80
209
129
180
197
126
190
82
22
88
80
252
249
27
56
170
60
143
111
204
7
66
104
70
36
78
4
69
40
236
158
245
189
171
254
10
69
180
228
79
189
92
203
214
32
4
221
40
145
229
206
167
57
218
90
27
241
196
200
90
37
152
122
243
20
133
251
4
181
94
75
101
194
88
209
70
30
20
45
62
252
118
39
110
186
82
168
55
191
48
247
143
231
28
25
186
72
152
212
235
118
212
165
22
189
170
198
67
226
69
45
255
107
153
238
240
19
172
45
106
236
228
242
17
219
119
152
181
44
31
248
13
235
141
156
22
82
178
62
250
204
170
25
210
9
227
121
96
55
51
24
135
224
91
1
235
99
56
240
168
71
108
124
237
31
34
7
104
9
155
169
229
108
245
88
102
132
140
185
54
248
223
249
239
250
102
173
145
5
52
46
53
33
228
103
231
82
141
179
54
149
158
101
65
46
99
224
51
71
170
198
211
6
176
95
123
156
105
197
41
20
185
161
64
55
24
140
225
201
240
19
164
172
128
167
236
125
59
234
59
253
130
169
25
80
187
240
70
135
166
162
113
136
193
82
246
47
81
4
55
69
110
244
236
118
197
122
150
141
140
250
10
231
140
105
62
119
24
60
121
106
118
71
179
147
134
53
187
36
195
224
92
114
186
56
208
181
38
181
163
224
34
39
129
29
105
42
209
172
204
158
131
40
238
1
35
85
131
151
92
141
238
176
169
196
57
39
134
55
104
193
7
228
155
87
120
58
33
113
27
201
57
158
105
246
111
10
223
32
160
139
87
237
101
179
6
62
202
51
220
111
149
21
46
212
34
118
172
95
114
238
101
205
187
90
215
94
167
94
174
171
65
250
6
83
59
231
225
143
168
177
233
254
25
4
212
195
211
45
125
101
132
103
157
182
230
128
146
148
11
234
67
157
17
212
44
31
61
146
234
110
233
249
190
64
90
221
45
55
93
158
146
105
216
156
17
133
73
242
25
115
109
238
104
90
146
166
253
15
17
188
87
208
55
144
196
52
193
8
255
227
212
249
21
73
220
77
110
126
56
71
199
50
252
64
159
68
77
250
24
78
87
213
101
235
192
177
4
125
190
172
168
187
113
20
177
192
187
229
37
173
0
208
81
165
155
177
42
66
53
80
82
36
109
167
41
67
50
160
32
62
219
39
17
54
9
220
194
44
102
128
18
239
117
139
169
203
144
8
108
48
30
31
150
192
155
83
182
18
84
107
14
65
63
205
21
196
156
243
172
89
241
193
66
173
255
85
203
21
226
28
56
108
196
245
52
174
145
117
130
86
207
149
12
10
79
141
18
227
145
201
84
72
232
251
52
12
85
4
132
34
253
78
175
33
146
168
42
210
157
183
249
166
39
139
235
197
45
176
15
180
61
33
223
156
99
84
92
13
80
34
247
141
60
121
121
180
215
178
51
4
69
178
60
191
64
160
52
102
44
10
60
218
72
107
52
55
144
62
54
44
107
175
250
208
120
124
8
46
154
226
7
62
163
234
198
14
109
53
79
93
168
187
234
197
116
151
21
233
171
32
125
49
179
134
191
121
234
124
77
4
207
83
107
36
99
74
254
171
92
50
211
202
28
224
44
237
196
126
40
180
58
107
67
210
159
132
217
38
86
65
83
128
176
195
86
61
194
105
16
22
30
204
25
12
195
253
222
232
70
31
187
172
27
49
73
108
11
242
76
186
72
144
76
125
117
150
246
14
9
10
165
103
40
209
126
79
67
254
77
32
38
16
11
87
224
67
134
24
39
156
68
129
44
146
18
4
253
44
242
245
193
95
153
34
127
133
169
245
46
85
179
138
48
249
192
82
249
165
186
227
96
106
71
166
199
78
21
84
252
81
51
198
222
213
112
154
253
112
9
129
207
102
195
30
26
183
10
100
192
141
3
116
139
170
192
64
174
142
198
206
227
207
56
111
147
42
101
149
65
164
200
193
61
133
29
153
115
200
80
219
82
22
110
131
64
149
57
226
22
84
245
26
215
113
36
220
144
57
201
221
134
40
51
93
6
126
69
136
110
146
170
156
160
125
158
68
10
207
132
242
192
228
56
5
117
13
25
34
34
5
168
67
111
244
236
187
178
37
239
215
199
220
25
247
254
32
90
60
212
148
250
66
123
8
237
109
120
254
247
133
218
19
231
8
240
193
117
144
110
85
159
183
42
211
191
107
34
54
213
84
78
51
3
29
115
55
65
175
56
118
28
66
159
138
184
8
178
0
3
63
156
39
88
142
63
139
60
190
55
78
22
201
20
186
184
91
190
138
96
31
75
65
29
207
236
221
148
124
49
10
8
137
156
23
105
74
234
34
30
224
198
158
118
14
226
143
209
169
240
119
15
1
109
231
216
178
245
128
37
85
240
118
60
168
50
73
27
252
33
167
56
253
18
37
202
79
32
48
147
93
36
147
40
107
93
114
76
103
25
192
70
98
28
18
199
80
138
246
29
105
222
71
137
147
244
40
125
254
215
54
255
98
168
57
168
196
37
66
46
34
57
202
235
99
231
197
154
207
16
96
12
6
244
31
39
129
49
106
253
79
178
218
214
249
19
172
9
47
162
251
231
22
181
136
136
164
214
83
40
38
54
11
145
245
74
202
60
92
117
30
246
117
18
209
141
27
139
19
113
228
110
79
227
180
201
66
172
153
75
34
100
90
200
169
255
235
233
83
206
16
59
44
91
211
102
69
207
68
240
176
144
159
194
148
182
153
244
168
137
53
86
202
68
189
191
28
92
226
185
115
60
153
226
20
120
71
54
77
6
204
86
0
213
234
158
32
133
209
212
226
233
174
134
106
65
238
152
245
163
5
100
87
49
84
171
36
210
121
125
240
184
83
126
86
128
226
112
165
204
133
204
146
179
154
51
57
161
40
63
174
43
55
100
34
254
255
86
214
188
189
118
127
92
213
182
8
185
72
226
240
171
194
99
162
95
228
93
167
211
58
151
8
85
4
240
196
40
7
182
101
156
83
22
209
117
126
208
246
67
187
43
25
114
17
124
45
118
96
255
196
148
104
101
179
215
46
124
188
103
85
244
49
155
242
218
21
246
10
243
209
28
1
96
194
98
109
121
116
196
124
72
12
5
187
193
240
66
118
167
169
198
122
197
162
227
102
198
17
190
132
6
9
216
83
223
236
12
161
225
26
215
154
197
236
69
9
109
208
127
63
73
95
251
101
215
231
160
29
121
111
137
55
10
178
93
114
231
107
150
1
192
77
148
229
106
134
247
168
224
160
91
63
4
217
180
91
230
246
173
217
6
211
44
105
103
247
192
62
54
128
203
160
247
224
0
236
9
34
212
72
204
168
197
89
73
166
37
148
189
174
248
220
34
7
163
232
46
90
31
78
175
45
231
5
251
131
109
148
219
159
22
25
160
186
142
192
108
84
123
88
2
255
22
142
28
34
50
89
54
125
207
180
171
222
78
11
156
106
227
63
224
168
87
44
72
201
24
41
76
12
180
200
117
135
181
231
48
130
98
226
147
173
214
247
33
121
246
123
36
236
32
213
216
222
180
17
46
141
234
148
126
76
106
2
126
165
43
131
38
142
37
29
50
227
129
175
218
248
207
90
200
118
245
181
117
209
47
151
69
86
246
149
51
229
219
76
188
62
48
127
183
115
201
45
228
218
217
103
109
70
151
206
35
47
36
11
9
85
28
203
195
73
254
60
147
240
31
81
214
95
124
249
13
239
59
32
245
153
150
118
110
1
98
211
55
182
211
238
41
3
251
216
173
106
203
251
143
167
166
93
158
218
123
125
219
184
56
236
232
23
94
105
211
140
0
170
52
166
40
232
227
194
116
134
105
255
240
111
153
13
210
26
247
234
176
24
2
78
167
213
94
0
155
184
219
103
184
20
61
52
228
164
190
255
97
67
184
119
113
132
250
168
106
244
166
36
191
127
185
179
188
11
163
243
248
235
20
135
133
34
137
180
171
193
230
193
90
98
101
137
116
199
5
230
201
133
142
207
232
202
37
7
137
92
79
102
216
46
4
254
9
153
186
107
7
14
49
41
169
78
40
217
100
49
46
102
131
76
95
145
23
183
177
219
16
230
48
249
245
211
58
77
228
74
108
50
91
171
126
77
27
95
205
75
245
82
156
255
118
208
132
130
33
74
176
95
31
198
12
169
76
86
60
52
129
193
184
23
120
200
10
14
63
118
96
113
172
28
209
86
250
223
228
157
106
5
107
129
92
190
232
201
50
62
208
52
163
107
223
75
131
182
207
251
68
209
151
150
213
124
177
138
95
217
25
94
137
237
108
126
231
120
86
213
24
17
143
199
54
240
3
239
13
171
69
220
197
44
13
116
246
3
5
23
89
236
192
43
117
128
96
46
197
9
9
154
97
234
54
230
128
127
196
154
145
58
100
141
170
42
228
124
116
80
3
202
109
117
53
196
255
76
57
189
244
55
27
91
249
138
79
79
169
110
41
217
147
188
73
107
138
63
210
88
47
55
229
11
233
195
156
249
28
31
9
109
203
127
227
11
128
239
67
187
250
38
89
207
254
193
205
166
32
48
83
175
248
147
140
93
71
129
11
69
12
228
232
191
43
222
209
2
211
90
130
96
44
23
211
203
23
158
140
106
24
137
61
17
107
105
215
168
211
127
92
160
131
202
184
135
109
203
40
181
224
117
93
15
131
152
137
254
133
204
135
45
106
241
151
121
1
198
235
203
254
127
134
221
254
59
31
45
232
61
54
107
115
81
215
244
39
218
73
41
34
163
211
9
155
8
177
147
175
75
52
77
188
67
93
78
2
38
250
0
54
96
226
103
243
182
209
231
72
190
46
190
234
180
102
236
128
77
110
69
58
201
81
35
48
231
54
166
121
28
184
65
59
235
194
223
253
19
4
217
9
155
28
189
187
51
50
248
24
116
238
140
25
205
237
76
115
227
141
79
32
213
39
115
132
58
144
209
182
188
213
151
188
224
65
44
112
90
45
188
199
96
167
5
123
106
250
171
102
144
10
128
102
96
29
236
233
79
83
122
99
138
124
40
113
165
231
119
243
171
203
174
196
132
173
229
27
171
172
160
127
233
118
208
151
65
0
35
21
220
13
137
42
183
42
137
240
106
100
202
23
204
74
24
33
107
82
206
117
121
59
12
111
160
138
89
188
20
6
15
149
13
160
134
95
158
226
10
219
173
233
254
142
177
141
89
206
117
103
133
4
30
168
119
1
74
82
165
180
234
56
10
109
228
158
78
111
42
250
90
103
194
49
96
12
13
236
54
6
126
0
151
229
69
23
140
63
226
148
188
99
222
124
231
32
246
48
179
66
194
184
179
61
146
83
133
132
184
159
89
196
101
45
139
134
56
104
10
194
56
36
96
168
202
203
183
171
220
189
86
28
33
169
22
149
170
179
141
27
252
233
128
166
151
89
181
148
62
89
115
200
216
35
188
216
133
12
0
90
3
139
48
215
41
28
32
3
16
175
26
100
199
142
75
157
4
150
73
103
46
56
13
237
161
252
161
147
179
254
179
200
108
247
160
197
41
128
155
171
223
183
79
145
220
234
186
111
2
186
5
162
36
59
171
3
180
153
189
26
136
101
116
159
185
87
74
97
89
17
23
113
215
151
121
215
59
103
236
122
140
149
135
117
78
226
235
29
20
120
60
231
168
64
132
186
56
152
50
161
208
108
159
109
34
236
170
208
19
59
185
95
124
69
83
147
171
66
87
10
183
148
16
133
66
118
142
130
179
19
149
100
33
164
187
202
52
151
64
124
204
152
84
11
100
142
47
244
50
4
198
140
201
44
169
33
109
52
31
197
160
26
16
225
138
46
4
65
157
158
133
56
125
203
249
89
95
73
161
4
162
60
159
99
29
61
73
250
42
111
152
141
144
211
37
252
248
129
23
152
69
172
133
5
56
129
87
233
87
254
16
171
7
233
235
205
11
34
28
155
33
187
75
106
78
114
57
88
140
5
237
145
248
225
103
179
254
2
85
29
86
171
253
133
29
44
127
189
254
63
41
20
252
47
140
90
108
184
185
81
119
159
175
42
197
86
118
194
201
53
51
208
52
223
16
25
179
189
208
128
190
139
84
68
154
80
227
221
58
176
96
52
119
3
175
96
203
69
39
32
1
118
167
145
53
77
22
69
238
10
29
221
212
183
184
27
201
126
124
148
166
197
16
149
241
188
20
250
149
137
99
8
156
89
46
42
137
84
55
41
189
214
253
255
86
183
80
203
21
154
132
152
223
230
225
173
162
96
190
36
15
201
70
60
175
12
167
1
38
215
103
18
95
105
176
13
100
84
104
88
177
198
109
23
108
137
6
68
77
125
1
13
78
77
56
239
103
0
189
162
72
197
103
49
114
164
220
254
12
61
51
101
100
112
24
209
230
219
134
83
177
157
214
114
86
133
132
36
69
199
229
210
14
183
100
15
23
184
149
61
186
244
204
238
79
211
210
89
201
83
240
195
62
160
197
9
163
192
87
44
174
251
212
118
152
22
119
177
116
25
226
19
181
233
178
51
11
84
253
142
37
102
126
0
72
225
15
254
108
209
176
148
131
51
80
199
56
47
44
99
100
61
151
129
239
141
164
43
5
241
51
193
29
246
67
219
237
125
152
219
108
124
208
72
19
170
56
58
174
225
64
79
9
38
231
177
167
230
174
76
194
88
48
59
180
160
100
116
66
108
131
199
175
241
30
120
238
75
98
126
67
209
130
207
135
155
8
168
185
233
197
34
99
113
212
184
0
252
234
155
9
70
117
21
122
240
203
28
19
189
65
133
244
61
8
99
146
27
182
180
156
25
198
170
24
252
241
92
195
26
28
185
115
19
63
4
254
63
67
103
178
8
212
255
69
117
63
48
63
7
188
94
23
48
83
83
191
192
209
81
207
128
242
60
151
102
110
36
190
34
255
165
56
56
146
84
223
190
239
88
4
81
140
189
217
155
138
225
9
129
193
22
61
243
100
85
168
217
109
7
180
161
201
219
93
235
114
76
196
67
105
159
112
138
189
133
47
149
86
151
252
74
157
9
170
90
133
59
232
154
124
241
21
246
221
88
45
250
95
140
121
64
77
28
227
16
174
70
246
26
130
122
29
104
94
162
68
215
19
93
175
64
88
88
48
181
130
32
68
161
29
104
145
88
161
84
44
147
249
105
15
21
104
208
236
167
111
30
144
119
220
81
55
113
99
202
226
35
248
144
197
144
86
239
161
124
11
190
149
11
243
153
24
119
205
237
113
249
254
141
152
114
237
10
214
153
151
213
24
85
100
4
244
9
65
25
125
97
165
159
147
107
0
100
19
142
232
5
23
82
236
8
236
36
204
128
173
218
38
40
37
178
82
24
227
51
202
206
115
42
246
233
82
72
106
39
13
135
115
85
90
14
1
179
22
25
114
37
214
215
20
172
36
169
75
112
90
201
88
124
101
80
243
167
199
20
179
130
21
150
160
217
105
230
131
252
234
78
29
88
26
75
190
54
229
102
79
78
150
16
185
7
53
48
136
231
131
25
24
179
127
208
1
204
94
174
70
214
137
169
81
103
25
227
135
150
105
92
79
194
227
49
115
143
133
125
173
3
76
167
174
151
193
226
55
129
156
173
118
146
60
35
61
78
109
247
166
178
178
87
44
253
81
144
230
111
109
227
196
49
78
215
242
73
27
202
224
86
46
105
110
87
